accuracy
0.5991341471672058
0.848351776599884
0.9174712300300598
0.9340606331825256
0.9457117915153503
0.9473697543144226
0.9511553049087524
0.9567005634307861
0.957476794719696
0.9608278870582581

f1_score
0.1870156079530716
0.784922182559967
0.8911793828010559
0.912649393081665
0.9275457859039307
0.9299303889274597
0.9357262849807739
0.9421303272247314
0.9436450600624084
0.9478731751441956

iou_score
0.06206556782126427
0.6434521079063416
0.8044834136962891
0.8402403593063354
0.8654568195343018
0.8684354424476624
0.8795738816261292
0.890464186668396
0.8938310146331787
0.9010676145553589

loss
3.3126885890960693
0.35845598578453064
0.19404396414756775
0.15717950463294983
0.1297711431980133
0.12339197099208832
0.11249930411577225
0.10050713270902634
0.0974084883928299
0.08982690423727036

recall
0.12237341701984406
0.7344474196434021
0.8969160318374634
0.9142714738845825
0.9222940802574158
0.9269334673881531
0.9436801671981812
0.9354787468910217
0.9449234008789062
0.9452729821205139

val_accuracy
0.6055128574371338
0.6055128574371338
0.6072791218757629
0.6180921792984009
0.787152111530304
0.7642381191253662
0.8769856691360474
0.9259131550788879
0.9351311326026917
0.9408667683601379

val_f1_score
0.0
0.0
0.01889558881521225
0.06180485337972641
0.6345774531364441
0.5773035287857056
0.8218007683753967
0.9034262299537659
0.914076566696167
0.9225001931190491

val_iou_score
0.0
0.0
0.007582676596939564
0.02928120829164982
0.46626776456832886
0.3869461417198181
0.7003450393676758
0.8254906535148621
0.842357873916626
0.8568513989448547

val_loss
6.896352767944336
10.455199241638184
0.9185032844543457
0.9907359480857849
0.6875378489494324
0.4803851544857025
0.3295357823371887
0.16933250427246094
0.14874549210071564
0.13665229082107544

val_recall
0.0
0.0
0.009586638770997524
0.03188784420490265
0.4684852063655853
0.40811851620674133
0.7190409302711487
0.878439724445343
0.8746705651283264
0.8921436667442322

