accuracy
0.4727949798107147
0.6283056139945984
0.6813936829566956
0.7316880822181702
0.8120574951171875
0.8756103515625
0.9119581580162048
0.9316073060035706
0.9460851550102234
0.9520596861839294

f1_score
0.2342686802148819
0.5911940932273865
0.6744730472564697
0.7152704000473022
0.7825789451599121
0.8436729311943054
0.8829854130744934
0.9053541421890259
0.922706663608551
0.9297637343406677

iou_score
0.1326751857995987
0.41964206099510193
0.5088340044021606
0.5567479729652405
0.6428170204162598
0.7296144962310791
0.7904871106147766
0.8270751237869263
0.8565046787261963
0.8687463402748108

loss
0.7478864789009094
0.6362796425819397
0.5839161276817322
0.5466115474700928
0.5091681480407715
0.4737655520439148
0.44210538268089294
0.4141927659511566
0.38988447189331055
0.36786916851997375

recall
0.23277080059051514
0.7757291793823242
0.9526715278625488
0.9727223515510559
0.9762536883354187
0.9688026905059814
0.9587692618370056
0.9441434741020203
0.9288411140441895
0.9158489108085632

val_accuracy
0.5396267771720886
0.6215305328369141
0.6513980031013489
0.6724560856819153
0.6954600214958191
0.7182911038398743
0.7373955249786377
0.7547428011894226
0.768129289150238
0.778315544128418

val_f1_score
0.5468095541000366
0.6685758233070374
0.7028242349624634
0.7176104187965393
0.7288708090782166
0.7374680042266846
0.7417988777160645
0.7458794713020325
0.7490749955177307
0.7530485987663269

val_iou_score
0.37699276208877563
0.5024569034576416
0.543001115322113
0.5609186887741089
0.5740761160850525
0.5829998850822449
0.5870248079299927
0.5909284353256226
0.5944485664367676
0.5986266732215881

val_loss
0.6930453777313232
0.6408001780509949
0.6138161420822144
0.5958584547042847
0.5822546482086182
0.5722528696060181
0.5653160810470581
0.5603146553039551
0.5554645657539368
0.5491702556610107

val_recall
0.5985236167907715
0.82264643907547
0.8883401155471802
0.8968618512153625
0.8821340203285217
0.8526628017425537
0.8129168152809143
0.7756515145301819
0.7458357810974121
0.7283880710601807

