accuracy
0.5535292029380798
0.758402407169342
0.873674213886261
0.919090986251831
0.9140174388885498
0.9417717456817627
0.9358701109886169
0.9505032896995544
0.9468259215354919
0.9552366137504578

f1_score
0.5855133533477783
0.5478386878967285
0.8502127528190613
0.8921040892601013
0.8738730549812317
0.9230348467826843
0.919150710105896
0.9339094161987305
0.9262611865997314
0.941058337688446

iou_score
0.4565175771713257
0.4930553436279297
0.7372964024543762
0.7978297472000122
0.7841527462005615
0.8565173745155334
0.850479245185852
0.8682796955108643
0.8608748912811279
0.88441002368927

loss
0.6535022854804993
0.5204474329948425
0.40208399295806885
0.27337586879730225
0.23966647684574127
0.18476000428199768
0.17866596579551697
0.14449913799762726
0.14416469633579254
0.12137414515018463

recall
0.8353744745254517
0.3877161145210266
0.9497442245483398
0.8860730528831482
0.7890652418136597
0.9249538779258728
0.9656803607940674
0.9264118075370789
0.8847070336341858
0.9466280937194824

val_accuracy
0.7463914155960083
0.7488969564437866
0.8342893719673157
0.9022434949874878
0.8873728513717651
0.8713380694389343
0.9034749865531921
0.9167482852935791
0.9126136898994446
0.905306339263916

val_f1_score
0.5715802907943726
0.75766921043396
0.8239302039146423
0.8793685436248779
0.8701393604278564
0.8568307757377625
0.8862135410308838
0.8960860967636108
0.8944631218910217
0.8885148763656616

val_iou_score
0.4027983844280243
0.60793137550354
0.6987628936767578
0.7828215956687927
0.7683345079421997
0.7475213408470154
0.7940511703491211
0.8102203011512756
0.8075652718544006
0.7977761626243591

val_loss
0.5310589075088501
0.6215877532958984
0.46164336800575256
0.29539650678634644
0.34108766913414
0.40697601437568665
0.3000398874282837
0.2433524876832962
0.2657661736011505
0.295213907957077

val_recall
0.4283708930015564
0.9939652681350708
0.9817566871643066
0.902202844619751
0.9554383158683777
0.9748637676239014
0.9517787098884583
0.9089041948318481
0.9376692175865173
0.9554696083068848

