accuracy
0.496359258890152
0.5805773138999939
0.6797861456871033
0.8171986937522888
0.8759361505508423
0.9085807800292969
0.9139872193336487
0.9248517155647278
0.9315177798271179
0.9325264096260071

f1_score
0.43261101841926575
0.641406774520874
0.7037806510925293
0.8015240430831909
0.8473488092422485
0.8803510665893555
0.8875623941421509
0.9029197692871094
0.9132996201515198
0.9152755737304688

iou_score
0.2740558683872223
0.472187340259552
0.5467396974563599
0.6737173795700073
0.737787127494812
0.7870340347290039
0.7994605898857117
0.8230384588241577
0.8395787477493286
0.8439429998397827

loss
0.7152096629142761
0.6400219202041626
0.5892206430435181
0.5351154804229736
0.502528965473175
0.45317792892456055
0.421345978975296
0.3864418864250183
0.3567327857017517
0.3355599045753479

recall
0.48511192202568054
0.9477367401123047
0.9610990881919861
0.9325932264328003
0.869985044002533
0.8497461676597595
0.8577381372451782
0.8829618692398071
0.9113269448280334
0.9208347201347351

val_accuracy
0.6140953302383423
0.6790122985839844
0.7911206483840942
0.8442415595054626
0.8559959530830383
0.8629030585289001
0.8723993897438049
0.8785003423690796
0.8819564580917358
0.8832409977912903

val_f1_score
0.7140378355979919
0.7542140483856201
0.8207111358642578
0.8525675535202026
0.8546655774116516
0.8601863384246826
0.8719867467880249
0.8796254992485046
0.8839123249053955
0.8846036195755005

val_iou_score
0.5556203126907349
0.6061083078384399
0.6961169242858887
0.7420082688331604
0.7447627782821655
0.7531403303146362
0.7716114521026611
0.783815860748291
0.7907183170318604
0.7918238639831543

val_loss
0.6043789386749268
0.5667450428009033
0.5373985171318054
0.518673300743103
0.5053337216377258
0.4828566908836365
0.45538491010665894
0.43365275859832764
0.418613463640213
0.40808409452438354

val_recall
0.9433449506759644
0.9642808437347412
0.9360740780830383
0.8817896842956543
0.8290489912033081
0.8257496356964111
0.8509140014648438
0.869192361831665
0.8799194693565369
0.8762436509132385

