accuracy
0.5476430058479309
0.7692557573318481
0.8133548498153687
0.8427392840385437
0.8696150779724121
0.887485146522522
0.9061503410339355
0.9120381474494934
0.9179540276527405
0.925570547580719

f1_score
0.5958765149116516
0.7607103586196899
0.8032394647598267
0.8328390121459961
0.8617458343505859
0.8809426426887512
0.9012134075164795
0.9074505567550659
0.9137771725654602
0.9218480587005615

iou_score
0.44415536522865295
0.6041776537895203
0.6687628626823425
0.7108370661735535
0.754523754119873
0.7882508635520935
0.8208733201026917
0.8304131031036377
0.8411828875541687
0.8532348275184631

loss
0.687878429889679
0.5080689787864685
0.4239448606967926
0.35646629333496094
0.302124947309494
0.2655923366546631
0.22987128794193268
0.21820540726184845
0.20267300307750702
0.18730425834655762

recall
0.7296349406242371
0.7924022674560547
0.8175830841064453
0.8361285328865051
0.86115562915802
0.8766224384307861
0.8948698043823242
0.9008427262306213
0.9047655463218689
0.9114909768104553

val_accuracy
0.47093507647514343
0.46817201375961304
0.46908441185951233
0.4736615717411041
0.48316752910614014
0.4963661730289459
0.5161974430084229
0.5367030501365662
0.5530482530593872
0.5668231248855591

val_f1_score
0.6447944641113281
0.6449669003486633
0.6454116702079773
0.6474511623382568
0.6516276597976685
0.6574647426605225
0.6665263175964355
0.6761496663093567
0.6839990615844727
0.6907764077186584

val_iou_score
0.4405173361301422
0.4405561089515686
0.44092029333114624
0.4430241286754608
0.4472418427467346
0.4533604383468628
0.4622698426246643
0.4732246398925781
0.4814908504486084
0.4907378554344177

val_loss
1.0579625368118286
1.2096668481826782
1.2296130657196045
1.1664109230041504
1.0740337371826172
0.9916711449623108
0.9323233366012573
0.8950058221817017
0.8730736970901489
0.8680719137191772

val_recall
0.9932681322097778
0.9991912841796875
0.9993718862533569
0.9994826316833496
0.999276340007782
0.9987461566925049
0.998308002948761
0.9977766275405884
0.9971986413002014
0.9967721700668335

