accuracy
0.5199310779571533
0.6465094089508057
0.6905720233917236
0.8952624201774597
0.904157280921936
0.904344379901886
0.904344379901886
0.9043444395065308
0.904344379901886
0.9043444395065308

f1_score
0.2801414728164673
0.34456682205200195
0.20475313067436218
0.030973410233855247
0.0011350337881594896
0.0
0.0
0.0
0.0
0.0

iou_score
0.17437899112701416
0.1897130310535431
0.09636090695858002
0.013773554936051369
0.0004881696368101984
0.0
0.0
0.0
0.0
0.0

loss
0.7337833642959595
0.6815784573554993
0.6267602443695068
0.5673316121101379
0.49876394867897034
0.42629820108413696
0.39325910806655884
0.365825891494751
0.36484915018081665
0.3706302344799042

recall
0.9765477776527405
0.971365213394165
0.4164356589317322
0.017499102279543877
0.0005692734848707914
0.0
0.0
0.0
0.0
0.0

val_accuracy
0.7073146104812622
0.7420121431350708
0.9251281023025513
0.9402950406074524
0.9409305453300476
0.9409748911857605
0.9409748911857605
0.9409748911857605
0.9409748911857605
0.9409748911857605

val_f1_score
0.2853148579597473
0.2897895872592926
0.10481350123882294
0.008419028483331203
0.00048469917965121567
0.0
0.0
0.0
0.0
0.0

val_iou_score
0.16549551486968994
0.16008393466472626
0.038913480937480927
0.0037717123050242662
0.0002184831100748852
0.0
0.0
0.0
0.0
0.0

val_loss
0.6888535022735596
0.63291996717453
0.5684271454811096
0.4914551377296448
0.405508428812027
0.32675859332084656
0.28014934062957764
0.267179012298584
0.26403942704200745
0.26498761773109436

val_recall
0.9897919297218323
0.8917195796966553
0.0742601528763771
0.004294158425182104
0.0002426493592793122
0.0
0.0
0.0
0.0
0.0

