accuracy
0.5613733530044556
0.8100664615631104
0.8466434478759766
0.8692601919174194
0.8836110830307007
0.893958330154419
0.9009181261062622
0.9045559167861938
0.9089692234992981
0.9145020842552185

f1_score
0.6037086248397827
0.7926928997039795
0.8275133967399597
0.8508464097976685
0.8656240701675415
0.8759950399398804
0.8831459879875183
0.8880056738853455
0.8929104804992676
0.900008499622345

iou_score
0.4463574290275574
0.6524613499641418
0.701396107673645
0.7368202805519104
0.760570228099823
0.7778628468513489
0.790181577205658
0.7980432510375977
0.8065090179443359
0.8182088732719421

loss
0.7014878988265991
0.4421079754829407
0.3623068630695343
0.3075989782810211
0.27212288975715637
0.24778404831886292
0.2301219403743744
0.22135604918003082
0.21080265939235687
0.19889864325523376

recall
0.8085650205612183
0.8569723963737488
0.8605057001113892
0.8660213947296143
0.8664605617523193
0.8637935519218445
0.8626457452774048
0.8687763810157776
0.8700796961784363
0.8769071102142334

val_accuracy
0.39242103695869446
0.38648688793182373
0.39173346757888794
0.4087598919868469
0.44300588965415955
0.49043557047843933
0.5386025309562683
0.5860790610313416
0.6234723329544067
0.65657639503479

val_f1_score
0.573428750038147
0.5710818767547607
0.5732293128967285
0.5802897214889526
0.5949445366859436
0.6164575815200806
0.6397803425788879
0.6642681956291199
0.6851054430007935
0.7046263217926025

val_iou_score
0.3948945105075836
0.3925991952419281
0.39460739493370056
0.4013383686542511
0.4156050682067871
0.4372062087059021
0.4613815248012543
0.48772192001342773
0.5110579133033752
0.5335570573806763

val_loss
1.1225922107696533
1.4195740222930908
1.4047811031341553
1.3123496770858765
1.2091515064239502
1.1052160263061523
1.0158746242523193
0.9324596524238586
0.8686045408248901
0.8162193298339844

val_recall
0.9996622800827026
0.9999995231628418
0.9999794960021973
0.9998383522033691
0.9991764426231384
0.9979580044746399
0.9957746267318726
0.991972029209137
0.9891391396522522
0.9859115481376648

