accuracy
0.46596580743789673
0.5460307002067566
0.5555953979492188
0.6303478479385376
0.8392422795295715
0.9229267835617065
0.9344657063484192
0.9482923150062561
0.9500643610954285
0.9550350904464722

f1_score
0.5437475442886353
0.0
0.04979301244020462
0.32469668984413147
0.792911946773529
0.9142874479293823
0.9294312596321106
0.9435572624206543
0.9455070495605469
0.9500890374183655

iou_score
0.3618462383747101
0.0
0.032416705042123795
0.19297532737255096
0.6697143912315369
0.8423839211463928
0.8721880912780762
0.8928757309913635
0.8984038233757019
0.901477038860321

loss
9.068509101867676
1.9882413148880005
0.6517876982688904
0.5560941696166992
0.42281362414360046
0.2867603302001953
0.15854370594024658
0.12971262633800507
0.12269902974367142
0.12779657542705536

recall
0.7009785771369934
0.0
0.025649109855294228
0.19575633108615875
0.6779307723045349
0.9054944515228271
0.9506432414054871
0.9520485401153564
0.9542865753173828
0.942727267742157

val_accuracy
0.548391580581665
0.5485216975212097
0.5619409084320068
0.6122661232948303
0.7214889526367188
0.7819417119026184
0.8057196140289307
0.8052690029144287
0.8069644570350647
0.8252741694450378

val_f1_score
0.0
0.0005761011270806193
0.06267622113227844
0.2539304196834564
0.5688543915748596
0.7591577172279358
0.7763022184371948
0.7765048742294312
0.7771448493003845
0.7771642208099365

val_iou_score
0.0
0.0016064215451478958
0.06036881357431412
0.16338449716567993
0.41070258617401123
0.5743900537490845
0.6272129416465759
0.665801465511322
0.6557559967041016
0.6759569048881531

val_loss
4.222628593444824
0.6370071172714233
0.5944308042526245
0.5161806344985962
0.5273502469062805
0.5165774822235107
0.6898854970932007
0.9976787567138672
1.4171638488769531
1.1505637168884277

val_recall
0.0
0.00028813359676860273
0.03243051469326019
0.14610907435417175
0.4068436920642853
0.7609917521476746
0.7464593648910522
0.7490647435188293
0.7452889680862427
0.6746727824211121

