accuracy
0.6892367601394653
0.8143059015274048
0.8504133224487305
0.8684476017951965
0.8787714838981628
0.8896586298942566
0.8956032395362854
0.9031597375869751
0.9089932441711426
0.9077382683753967

f1_score
0.6271584033966064
0.7844518423080444
0.8294172286987305
0.8518486618995667
0.8643062710762024
0.8772940635681152
0.8843146562576294
0.8932006359100342
0.899895429611206
0.8990633487701416

iou_score
0.48458999395370483
0.6413012742996216
0.7121001482009888
0.7295758128166199
0.756415069103241
0.773215651512146
0.7907983064651489
0.8056465983390808
0.8059861063957214
0.8133465051651001

loss
0.5790733098983765
0.41022974252700806
0.3286680579185486
0.3065245449542999
0.27582377195358276
0.2522575557231903
0.23873761296272278
0.22180981934070587
0.21945974230766296
0.21095986664295197

recall
0.5864245295524597
0.7458627820014954
0.7954534292221069
0.8212634325027466
0.8343640565872192
0.8486307859420776
0.8550636768341064
0.863650381565094
0.8695669174194336
0.8719618320465088

val_accuracy
0.3787340819835663
0.3731737732887268
0.37743204832077026
0.38659268617630005
0.40487149357795715
0.4339939057826996
0.4705069065093994
0.5061558485031128
0.5393484234809875
0.5715219974517822

val_f1_score
0.5592100024223328
0.5572891235351562
0.5589747428894043
0.5625326037406921
0.5699429512023926
0.5821911096572876
0.598156750202179
0.6146071553230286
0.6307399868965149
0.6471320986747742

val_iou_score
0.3821110725402832
0.3802219331264496
0.38169223070144653
0.3849315345287323
0.3917943835258484
0.403412401676178
0.4187695384025574
0.4349192976951599
0.45127469301223755
0.4684467315673828

val_loss
1.1274629831314087
1.3524799346923828
1.393169641494751
1.3671178817749023
1.2862985134124756
1.2019261121749878
1.1273318529129028
1.0665441751480103
1.0163285732269287
0.9646317362785339

val_recall
0.9982733726501465
0.9995394945144653
0.9994059801101685
0.9987143874168396
0.9979318976402283
0.9967385530471802
0.994497537612915
0.9919324517250061
0.9891852140426636
0.9858294725418091

