accuracy
0.7652842998504639
0.9292639493942261
0.9466986656188965
0.9534615874290466
0.9572522044181824
0.9575063586235046
0.9584459662437439
0.960426390171051
0.9624130725860596
0.9629159569740295

binary_crossentropy
0.523931086063385
0.19714893400669098
0.13125167787075043
0.11048257350921631
0.09965496510267258
0.0980803444981575
0.09499628841876984
0.09108826518058777
0.08556682616472244
0.08389343321323395

f1_score
0.7068014740943909
0.9089146256446838
0.9315513372421265
0.9403470754623413
0.9452555775642395
0.9455355405807495
0.9468780159950256
0.9493573904037476
0.9517725706100464
0.9526541233062744

iou_score
0.8861899375915527
0.8861899375915527
0.8861899375915527
0.8861899375915527
0.8861899375915527
0.8861899375915527
0.8861899375915527
0.8861899375915527
0.8861899375915527
0.8861899375915527

loss
0.523931086063385
0.19714893400669098
0.13125167787075043
0.11048257350921631
0.09965496510267258
0.0980803444981575
0.09499628841876984
0.09108826518058777
0.08556682616472244
0.08389343321323395

recall
0.7242030501365662
0.9034380316734314
0.9284586310386658
0.9389674663543701
0.9447242021560669
0.9442166090011597
0.9480182528495789
0.9495152235031128
0.9494194984436035
0.9550418853759766

val_accuracy
0.9150272011756897
0.9258721470832825
0.9272237420082092
0.9371375441551208
0.9422898888587952
0.9460951089859009
0.9456925988197327
0.9488128423690796
0.95289546251297
0.9500288367271423

val_binary_crossentropy
0.2520909905433655
0.21669156849384308
0.18905533850193024
0.16054365038871765
0.14506086707115173
0.1322333961725235
0.13411949574947357
0.12672221660614014
0.11309712380170822
0.12351634353399277

val_f1_score
0.8943994045257568
0.9060704708099365
0.9071294665336609
0.921066164970398
0.9281883835792542
0.9333250522613525
0.932361900806427
0.9365040063858032
0.94261234998703
0.9378230571746826

val_iou_score
0.8861899375915527
0.8861899375915527
0.8861899375915527
0.8861899375915527
0.8861899375915527
0.8861899375915527
0.8861899375915527
0.8861899375915527
0.8861899375915527
0.8861899375915527

val_loss
0.2520909905433655
0.21669156849384308
0.18905533850193024
0.16054365038871765
0.14506086707115173
0.1322333961725235
0.13411949574947357
0.12672221660614014
0.11309712380170822
0.12351634353399277

val_recall
0.8655290007591248
0.8599593639373779
0.8549051284790039
0.8821777105331421
0.8970777988433838
0.9074749946594238
0.9003034830093384
0.9079472422599792
0.9304959177970886
0.9064579606056213

