accuracy
0.7124904990196228
0.8879565596580505
0.9109299778938293
0.9232689142227173
0.9326105117797852
0.9383412599563599
0.9409679174423218
0.9445199370384216
0.9464759826660156
0.9485539197921753

f1_score
0.6882401704788208
0.8452593088150024
0.878149151802063
0.8958620429039001
0.9090388417243958
0.917164146900177
0.920914888381958
0.9259105920791626
0.9286341667175293
0.931342363357544

iou_score
0.5558432936668396
0.7331055998802185
0.7828957438468933
0.8110314011573792
0.833736777305603
0.8470934629440308
0.8536048531532288
0.8618101477622986
0.8659795522689819
0.8714976906776428

loss
0.5858832001686096
0.3871980905532837
0.28916722536087036
0.23666614294052124
0.20294496417045593
0.18276572227478027
0.16982564330101013
0.1578287035226822
0.14934420585632324
0.1400867998600006

recall
0.8412135243415833
0.8111597299575806
0.8507577776908875
0.8748579025268555
0.89259272813797
0.9048112034797668
0.9110603928565979
0.9189332723617554
0.9230754375457764
0.9249269366264343

val_accuracy
0.8571990728378296
0.9017557501792908
0.9156178832054138
0.9178293943405151
0.920438289642334
0.9236724972724915
0.9254974126815796
0.9248982667922974
0.9216183423995972
0.9227488040924072

val_f1_score
0.8403584361076355
0.881489098072052
0.892110288143158
0.8916383981704712
0.8944694399833679
0.8999271392822266
0.9021483063697815
0.9002103209495544
0.8939384818077087
0.8955913186073303

val_iou_score
0.725578784942627
0.7876511216163635
0.8045443296432495
0.8030939102172852
0.8080435991287231
0.8172117471694946
0.8214033842086792
0.8179827928543091
0.8073291778564453
0.8094465136528015

val_loss
0.4466280937194824
0.342082142829895
0.2766721248626709
0.2541114091873169
0.2436007559299469
0.23384135961532593
0.22522109746932983
0.21878540515899658
0.2198394387960434
0.21376705169677734

val_recall
0.9633381366729736
0.9364718794822693
0.894166111946106
0.8664811253547668
0.8642128109931946
0.8796331286430359
0.8802580237388611
0.8682358264923096
0.8466301560401917
0.8491957187652588

