accuracy
0.6685803532600403
0.8149629235267639
0.8594328761100769
0.866520881652832
0.8721851110458374
0.8733637928962708
0.8870552778244019
0.8911663889884949
0.9000654220581055
0.9037943482398987

f1_score
0.5247465372085571
0.7675527334213257
0.8439013361930847
0.856999933719635
0.8594785928726196
0.86102294921875
0.8748945593833923
0.8818238973617554
0.8921468257904053
0.8976243734359741

iou_score
0.3753524720668793
0.6363807916641235
0.7303077578544617
0.7451900243759155
0.7528591752052307
0.7467179298400879
0.7793055772781372
0.7950597405433655
0.8040363192558289
0.8095480799674988

loss
0.9097645878791809
0.4216664433479309
0.35545095801353455
0.3065568506717682
0.2827552258968353
0.28628110885620117
0.251921147108078
0.23158887028694153
0.22485101222991943
0.22154076397418976

recall
0.40449416637420654
0.6675261855125427
0.8106851577758789
0.844778835773468
0.8282127380371094
0.83244389295578
0.8341690301895142
0.8520298600196838
0.8625967502593994
0.874955952167511

val_accuracy
0.34523287415504456
0.34523287415504456
0.34523287415504456
0.34523287415504456
0.34523287415504456
0.34523287415504456
0.34523287415504456
0.3497288227081299
0.44993868470191956
0.5848249197006226

val_f1_score
0.5292940139770508
0.5292940139770508
0.5292940139770508
0.5292940139770508
0.5292940139770508
0.5292940139770508
0.5292940139770508
0.5310446619987488
0.572450578212738
0.6371256113052368

val_iou_score
0.35352402925491333
0.35352402925491333
0.35352402925491333
0.35352402925491333
0.35352402925491333
0.35352402925491333
0.35352402925491333
0.35507383942604065
0.3926473557949066
0.45771417021751404

val_loss
106.37994384765625
155.91847229003906
341.51507568359375
200.59500122070312
128.87646484375
72.93401336669922
29.098608016967773
11.41947078704834
4.266778945922852
1.7182931900024414

val_recall
1.0
1.0
1.0
1.0
1.0
1.0
1.0
0.999984622001648
0.9964190721511841
0.9795112609863281

