accuracy
0.7410132884979248
0.9180037975311279
0.9399033784866333
0.9475641250610352
0.9482014179229736
0.9507542848587036
0.9560351967811584
0.9573675394058228
0.958152711391449
0.9606955051422119

binary_crossentropy
0.5740699172019958
0.24907508492469788
0.15882620215415955
0.12684303522109985
0.12082561105489731
0.11369200050830841
0.10138541460037231
0.09824956953525543
0.09541763365268707
0.09027451276779175

f1_score
0.6970154047012329
0.8916932344436646
0.9227356910705566
0.9326115250587463
0.933282732963562
0.9371421337127686
0.9438318610191345
0.9452658295631409
0.9464857578277588
0.9495953321456909

iou_score
0.8909017443656921
0.8909017443656921
0.8909017443656921
0.8909017443656921
0.8909017443656921
0.8909017443656921
0.8909017443656921
0.8909017443656921
0.8909017443656921
0.8909017443656921

loss
0.5740699172019958
0.24907508492469788
0.15882620215415955
0.12684303522109985
0.12082561105489731
0.11369200050830841
0.10138541460037231
0.09824956953525543
0.09541763365268707
0.09027451276779175

recall
0.7635735869407654
0.8651785254478455
0.9198132753372192
0.930026113986969
0.9286328554153442
0.9409490823745728
0.9468051791191101
0.943600594997406
0.9485599994659424
0.9489898681640625

val_accuracy
0.9099448919296265
0.924156129360199
0.9219268560409546
0.9172691106796265
0.9340821504592896
0.9434453248977661
0.9425522685050964
0.9440035820007324
0.948280394077301
0.950262188911438

val_binary_crossentropy
0.2933773398399353
0.22699503600597382
0.21979108452796936
0.22280530631542206
0.16697677969932556
0.1340736746788025
0.13793742656707764
0.13523653149604797
0.12293630838394165
0.11758521944284439

val_f1_score
0.8829202651977539
0.900327205657959
0.8957419395446777
0.8874093890190125
0.913033127784729
0.9267207384109497
0.9252301454544067
0.9273349046707153
0.9336816072463989
0.9365823268890381

val_iou_score
0.8909017443656921
0.8909017443656921
0.8909017443656921
0.8909017443656921
0.8909017443656921
0.8909017443656921
0.8909017443656921
0.8909017443656921
0.8909017443656921
0.8909017443656921

val_loss
0.2933773398399353
0.22699503600597382
0.21979108452796936
0.22280530631542206
0.16697677969932556
0.1340736746788025
0.13793742656707764
0.13523653149604797
0.12293630838394165
0.11758521944284439

val_recall
0.8481923937797546
0.8556399941444397
0.8377640247344971
0.8143966794013977
0.8643356561660767
0.89327073097229
0.8878560662269592
0.8925192952156067
0.9094257354736328
0.9174216389656067

