accuracy
0.7947729229927063
0.9274442791938782
0.945077657699585
0.9511684775352478
0.9555845856666565
0.957024097442627
0.9587826728820801
0.9611106514930725
0.9625231623649597
0.9629255533218384

f1_score
0.7376712560653687
0.9017710089683533
0.9266507029533386
0.9346778988838196
0.9405968189239502
0.9425645470619202
0.9447990655899048
0.9479966163635254
0.94986891746521
0.950294017791748

iou_score
0.618202269077301
0.8213861584663391
0.8637347221374512
0.877519965171814
0.8877753019332886
0.8910869359970093
0.8946779370307922
0.9010146260261536
0.904228687286377
0.9055085182189941

loss
0.4647187292575836
0.20653791725635529
0.13893400132656097
0.11625689268112183
0.1040734052658081
0.0992448478937149
0.09496365487575531
0.0894363671541214
0.08578861504793167
0.08406062424182892

recall
0.7709377408027649
0.8898074626922607
0.9269082546234131
0.9334057569503784
0.939497172832489
0.942156970500946
0.9424114227294922
0.9470553994178772
0.9486092925071716
0.946872353553772

val_accuracy
0.9146231412887573
0.9348316192626953
0.9240570068359375
0.9301058053970337
0.9345479607582092
0.9286177754402161
0.941483199596405
0.9371511936187744
0.9442187547683716
0.9520411491394043

val_f1_score
0.8842526078224182
0.9133145809173584
0.8951910734176636
0.9043222665786743
0.9109059572219849
0.9010167121887207
0.9211737513542175
0.9139975905418396
0.9249634146690369
0.9370931386947632

val_iou_score
0.7917227149009705
0.8410183787345886
0.8107258677482605
0.8255680799484253
0.836677074432373
0.8197582960128784
0.8535257577896118
0.8410927653312683
0.85993492603302
0.8815070986747742

val_loss
0.24251790344715118
0.18028780817985535
0.2003491222858429
0.18514278531074524
0.17816849052906036
0.20447146892547607
0.15288017690181732
0.16902820765972137
0.14417657256126404
0.11740481853485107

val_recall
0.8395984172821045
0.8838473558425903
0.8349707722663879
0.8503925204277039
0.8614193797111511
0.8364251255989075
0.8802736401557922
0.8598005771636963
0.8851277232170105
0.9196449518203735

