accuracy
0.614673912525177
0.6425511837005615
0.667357861995697
0.6794714331626892
0.690351128578186
0.6970316171646118
0.705906093120575
0.7149658799171448
0.7312248945236206
0.7436185479164124

binary_crossentropy
0.6888316869735718
0.6659430861473083
0.6470648050308228
0.6355683207511902
0.6261268258094788
0.6175328493118286
0.6113654971122742
0.6050752997398376
0.5971965789794922
0.590272068977356

f1_score
0.4081915616989136
0.5236207246780396
0.6034187078475952
0.6459519863128662
0.6712415814399719
0.6846327781677246
0.695909857749939
0.7029116749763489
0.7169568538665771
0.7255904078483582

iou_score
0.5839979648590088
0.5839979648590088
0.5839979648590088
0.5839979648590088
0.5839979648590088
0.5839979648590088
0.5839979648590088
0.5839979648590088
0.5839979648590088
0.5839979648590088

loss
0.6888316869735718
0.6659430861473083
0.6470648050308228
0.6355683207511902
0.6261268258094788
0.6175328493118286
0.6113654971122742
0.6050752997398376
0.5971965789794922
0.590272068977356

recall
0.3345104455947876
0.49451127648353577
0.6370333433151245
0.7360431551933289
0.7957373261451721
0.8278217315673828
0.8471007943153381
0.8488095998764038
0.856895387172699
0.853252112865448

val_accuracy
0.6712473630905151
0.7038599252700806
0.7270092368125916
0.7376217842102051
0.745188295841217
0.7511180639266968
0.7593984603881836
0.7688942551612854
0.7782529592514038
0.7881326675415039

val_binary_crossentropy
0.6496983766555786
0.6268989443778992
0.6119427680969238
0.6017342209815979
0.5938233137130737
0.5865268111228943
0.5790988206863403
0.5714248418807983
0.5638608932495117
0.5566067695617676

val_f1_score
0.37133562564849854
0.5328754186630249
0.6270454525947571
0.6712676882743835
0.6955479979515076
0.7095229029655457
0.7204658389091492
0.7297823429107666
0.7384121417999268
0.7473660111427307

val_iou_score
0.5839979648590088
0.5839979648590088
0.5839979648590088
0.5839979648590088
0.5839979648590088
0.5839979648590088
0.5839979648590088
0.5839979648590088
0.5839979648590088
0.5839979648590088

val_loss
0.6496983766555786
0.6268989443778992
0.6119427680969238
0.6017342209815979
0.5938233137130737
0.5865268111228943
0.5790988206863403
0.5714248418807983
0.5638608932495117
0.5566067695617676

val_recall
0.2697504460811615
0.4692835509777069
0.6375822424888611
0.7442627549171448
0.8086729645729065
0.8444873690605164
0.8614342212677002
0.8670327663421631
0.8695291876792908
0.8706640005111694

