accuracy
0.6341001391410828
0.9598077535629272
0.9598076343536377
0.9598076343536377
0.9598077535629272
0.9598076343536377
0.9598077535629272
0.9598076343536377
0.9598076343536377
0.9598077535629272

f1_score
0.006343315355479717
0.0
0.0
0.0
0.0
0.0
0.0
0.0
0.0
0.0

iou_score
0.001641132403165102
0.0
0.0
0.0
0.0
0.0
0.0
0.0
0.0
0.0

loss
0.5532130599021912
0.427734375
0.24740344285964966
0.27316367626190186
0.25629252195358276
0.1871429979801178
0.2698408365249634
0.21133053302764893
0.22257299721240997
0.19939526915550232

recall
0.029058346524834633
0.0
0.0
0.0
0.0
0.0
0.0
0.0
0.0
0.0

val_accuracy
0.9267387986183167
0.9267387986183167
0.9267387986183167
0.9267387986183167
0.9267387986183167
0.9267387986183167
0.9267387986183167
0.9267387986183167
0.9267387986183167
0.9267387986183167

val_f1_score
0.0
0.0
0.0
0.0
0.0
0.0
0.0
0.0
0.0
0.0

val_iou_score
0.0
0.0
0.0
0.0
0.0
0.0
0.0
0.0
0.0
0.0

val_loss
0.48069825768470764
0.4198737144470215
0.7725487351417542
0.34316033124923706
0.32913777232170105
0.560339629650116
0.3324093520641327
0.3162890672683716
0.39553457498550415
0.43183791637420654

val_recall
0.0
0.0
0.0
0.0
0.0
0.0
0.0
0.0
0.0
0.0

