accuracy
0.5435712933540344
0.6118351817131042
0.8850954174995422
0.931250810623169
0.9370036125183105
0.9459068775177002
0.9477777481079102
0.9497312903404236
0.953700602054596
0.955870509147644

f1_score
0.3453384041786194
0.011821485124528408
0.8468178510665894
0.9133290648460388
0.9198535084724426
0.9309894442558289
0.9333717226982117
0.9356009364128113
0.9406318068504333
0.9435610771179199

loss
2.1676225662231445
0.5259787440299988
0.3329404592514038
0.17839115858078003
0.15354008972644806
0.13160143792629242
0.12464378774166107
0.11898180097341537
0.10918036848306656
0.10353226959705353

recall_1
0.30838289856910706
0.005947604309767485
0.813595175743103
0.9279221296310425
0.9260611534118652
0.9346734881401062
0.937001645565033
0.9354025721549988
0.9395731091499329
0.9449516534805298

val_accuracy
0.5818088054656982
0.5818088054656982
0.5818386673927307
0.5871280431747437
0.629239559173584
0.7501176595687866
0.8103752732276917
0.8905195593833923
0.8839274048805237
0.9074341058731079

val_f1_score
0.0
0.0
0.000142696822877042
0.025158660486340523
0.6864873170852661
0.6152856349945068
0.7191311120986938
0.8589670062065125
0.8457750678062439
0.8797135949134827

val_loss
4.719564437866211
9.759221076965332
608.9070434570312
409.43359375
22.513652801513672
5.136664390563965
1.8838471174240112
0.7878391742706299
0.9349550008773804
0.5680582523345947

val_recall_1
0.0
0.0
7.135351188480854e-05
0.012739845551550388
0.970657467842102
0.4778252840042114
0.580489993095398
0.7972376346588135
0.7610711455345154
0.8094147443771362

