accuracy
0.8274343609809875
0.8981971144676208
0.9148486256599426
0.9263420104980469
0.9342548847198486
0.938719630241394
0.9412946701049805
0.9433565139770508
0.9454335570335388
0.9461178183555603

f1_score
0.790041983127594
0.8793677091598511
0.8972849249839783
0.9142857193946838
0.9241899847984314
0.9305015206336975
0.9336550235748291
0.9367057085037231
0.9403005242347717
0.939277708530426

iou_score
0.675584077835083
0.7821778655052185
0.8150046467781067
0.843224287033081
0.8598375916481018
0.8706890940666199
0.8763880133628845
0.8810911178588867
0.8861799240112305
0.8875176906585693

loss
0.3665047287940979
0.23042258620262146
0.18631914258003235
0.1587376892566681
0.1402309685945511
0.12871620059013367
0.1214836984872818
0.11742807179689407
0.11211340129375458
0.10891616344451904

recall
0.7852689623832703
0.8661231398582458
0.8659619092941284
0.8952720761299133
0.9040752053260803
0.9138189554214478
0.9163368344306946
0.9221141338348389
0.9313434958457947
0.9191647171974182

val_accuracy
0.4231779873371124
0.6353267431259155
0.7424846887588501
0.8151298761367798
0.8570777177810669
0.8709214925765991
0.9023809432983398
0.9082129001617432
0.9142981767654419
0.9176583290100098

val_f1_score
0.6021732091903687
0.7078875303268433
0.776435136795044
0.8305858969688416
0.8650652170181274
0.8770875930786133
0.9046300649642944
0.9092540740966797
0.9141624569892883
0.9169915318489075

val_iou_score
0.4213000535964966
0.5427736639976501
0.6300021409988403
0.7036945819854736
0.7544374465942383
0.7745798230171204
0.8216215968132019
0.8304583430290222
0.8396937251091003
0.8464077115058899

val_loss
2.0805678367614746
1.1935468912124634
0.743916392326355
0.5079759955406189
0.3824126124382019
0.3474310040473938
0.25196948647499084
0.22664247453212738
0.2101631462574005
0.18885672092437744

val_recall
0.9999937415122986
0.9978761076927185
0.9940880537033081
0.9882198572158813
0.9814321398735046
0.9789015650749207
0.9654375314712524
0.9580132961273193
0.9501106142997742
0.9472773671150208

