accuracy
0.5410010814666748
0.6113473773002625
0.7506259679794312
0.8728715777397156
0.9088743329048157
0.9215970635414124
0.9271658062934875
0.9378487467765808
0.9373148679733276
0.9369203448295593

f1_score
0.5469496846199036
0.6909633278846741
0.775524377822876
0.8669939637184143
0.8968111276626587
0.9107280969619751
0.9178357124328613
0.9307003021240234
0.9302183389663696
0.9292284250259399

iou_score
0.37814053893089294
0.5216346979141235
0.6408560276031494
0.7673296928405762
0.8131876587867737
0.8331043124198914
0.8481159210205078
0.8696715831756592
0.870231568813324
0.8559388518333435

loss
0.676717221736908
0.6069353222846985
0.5358554720878601
0.478116512298584
0.4344077408313751
0.39405158162117004
0.3581458628177643
0.3198173940181732
0.29869377613067627
0.2914815843105316

recall
0.6213248372077942
0.9743445515632629
0.9660149216651917
0.9291664361953735
0.8880048990249634
0.896835207939148
0.9122704267501831
0.935910701751709
0.9369457960128784
0.9286653995513916

val_accuracy
0.6492186784744263
0.7393824458122253
0.8433693647384644
0.8711662292480469
0.8784624934196472
0.8864360451698303
0.8903537392616272
0.8910187482833862
0.892781138420105
0.8921818137168884

val_f1_score
0.7254942655563354
0.7802193760871887
0.849197268486023
0.8635106682777405
0.8682040572166443
0.8790111541748047
0.8843411207199097
0.8854470252990723
0.8857582211494446
0.8837360739707947

val_iou_score
0.5368620157241821
0.6105997562408447
0.7007265090942383
0.7247669696807861
0.7302093505859375
0.7447754144668579
0.7518680691719055
0.753610372543335
0.752815842628479
0.7480605244636536

val_loss
0.5889260768890381
0.5512126684188843
0.5096567273139954
0.4877185821533203
0.46615374088287354
0.44304949045181274
0.4290441870689392
0.42211148142814636
0.4130331873893738
0.40828779339790344

val_recall
0.9854769110679626
0.9834638237953186
0.9375697374343872
0.8664158582687378
0.8510556221008301
0.87703537940979
0.8911736607551575
0.8954377174377441
0.8836674690246582
0.8711583614349365

