accuracy
0.5640454888343811
0.7993824481964111
0.8828306198120117
0.905376672744751
0.915290892124176
0.9228950142860413
0.9330085515975952
0.9416761994361877
0.947821855545044
0.9530670642852783

f1_score
0.3794596493244171
0.7004736661911011
0.8308358788490295
0.8669297695159912
0.8833986520767212
0.8954575061798096
0.9109647870063782
0.9238609671592712
0.932863175868988
0.9402661323547363

iou_score
0.23242148756980896
0.5371209979057312
0.7087029814720154
0.7624548673629761
0.7882026433944702
0.807560920715332
0.8333671689033508
0.8555726408958435
0.8715018630027771
0.8850011825561523

loss
0.7372066378593445
0.5012100338935852
0.3793856203556061
0.3086388111114502
0.26246723532676697
0.22934123873710632
0.20356892049312592
0.18289610743522644
0.16606047749519348
0.15216344594955444

recall
0.37663209438323975
0.6536495089530945
0.785877525806427
0.8281376361846924
0.8536629676818848
0.870769202709198
0.8925337791442871
0.9093202352523804
0.9200864434242249
0.9277832508087158

val_accuracy
0.5256794691085815
0.5222885012626648
0.5122696757316589
0.5016642212867737
0.4948942959308624
0.4906611442565918
0.48866504430770874
0.48839184641838074
0.48954811692237854
0.4917764961719513

val_f1_score
0.6016364693641663
0.6373159289360046
0.6475393176078796
0.6489713788032532
0.6488543152809143
0.6484183073043823
0.6482972502708435
0.6486740708351135
0.6494466066360474
0.6506909132003784

val_iou_score
0.43327122926712036
0.47319328784942627
0.485019326210022
0.48681336641311646
0.4865143597126007
0.4856501519680023
0.48524579405784607
0.485351026058197
0.4860875606536865
0.4872705936431885

val_loss
0.7022786140441895
0.7089018821716309
0.7430925369262695
0.7831979990005493
0.8193743824958801
0.8484988808631897
0.8700357675552368
0.885578989982605
0.8957628607749939
0.9017606377601624

val_recall
0.7538688778877258
0.880916953086853
0.939323365688324
0.9655580520629883
0.9780872464179993
0.9844093918800354
0.987739622592926
0.9898595809936523
0.990934431552887
0.9919136762619019

