accuracy
0.8640374541282654
0.9354826211929321
0.9354824423789978
0.9354825615882874
0.9354825615882874
0.9354825615882874
0.9354824423789978
0.9355734586715698
0.9380834102630615
0.9393149614334106

f1_score
0.06107783690094948
0.0
0.0
0.0
0.0
0.0
0.0
0.0053822360932827
0.11577249318361282
0.1868542581796646

loss
0.4535198211669922
0.26958271861076355
0.22679990530014038
0.21391533315181732
0.1969040483236313
0.1909707933664322
0.1878250241279602
0.1822441667318344
0.1814040094614029
0.1711171716451645

recall_1
0.06854353845119476
0.0
0.0
0.0
0.0
0.0
0.0
0.0027018673717975616
0.06282616406679153
0.10807090997695923

val_accuracy
0.8244038820266724
0.8244038820266724
0.8244038820266724
0.8244038820266724
0.8244038820266724
0.8244038820266724
0.8244038820266724
0.8244038820266724
0.8244038820266724
0.8244038820266724

val_f1_score
0.0
0.0
0.0
0.0
0.0
0.0
0.0
0.0
0.0
0.0

val_loss
0.5689327716827393
0.4600892663002014
0.4882916808128357
0.5158591866493225
0.44403719902038574
0.4313470721244812
0.5067710876464844
0.41732773184776306
0.4993714988231659
0.44917798042297363

val_recall_1
0.0
0.0
0.0
0.0
0.0
0.0
0.0
0.0
0.0
0.0

