accuracy
0.5865748524665833
0.8091884255409241
0.9176908135414124
0.935910701751709
0.9434633255004883
0.9462307095527649
0.9498867988586426
0.9480258226394653
0.9519054889678955
0.9570812582969666

binary_crossentropy
3.746612548828125
0.40451472997665405
0.2074129283428192
0.1539689302444458
0.13642700016498566
0.12737590074539185
0.1185823306441307
0.11921020597219467
0.11140695959329605
0.09859567135572433

f1_score
0.15535737574100494
0.712739109992981
0.8977742791175842
0.9174871444702148
0.9275688529014587
0.931427001953125
0.9353564977645874
0.9341562986373901
0.937952995300293
0.9449629783630371

loss
3.746612548828125
0.40451472997665405
0.2074129283428192
0.1539689302444458
0.13642700016498566
0.12737590074539185
0.1185823306441307
0.11921020597219467
0.11140695959329605
0.09859567135572433

recall
0.09754007309675217
0.6072757244110107
0.927219569683075
0.9140952229499817
0.9287063479423523
0.9368236064910889
0.9301065802574158
0.9458465576171875
0.9325758814811707
0.9452216625213623

val_accuracy
0.5988786816596985
0.6246240139007568
0.5988786816596985
0.5988786816596985
0.5988786816596985
0.6553415656089783
0.8804590702056885
0.9021472334861755
0.9115175008773804
0.9327829480171204

val_binary_crossentropy
0.6514805555343628
1.3553860187530518
279.76934814453125
56.70952606201172
5.279604434967041
1.0581706762313843
0.33286935091018677
0.2791941165924072
0.2429414987564087
0.16824869811534882

val_f1_score
0.0
0.18544557690620422
0.0
0.0
0.0
0.24728065729141235
0.8282279372215271
0.8647239208221436
0.8782793283462524
0.9115219116210938

val_loss
0.6514805555343628
1.3553860187530518
279.76934814453125
56.70952606201172
5.279604434967041
1.0581706762313843
0.33286935091018677
0.2791941165924072
0.2429414987564087
0.16824869811534882

val_recall
0.0
0.10652637481689453
0.0
0.0
0.0
0.1411367952823639
0.7184697985649109
0.779694139957428
0.7958295345306396
0.8631880879402161

