accuracy
0.5945320129394531
0.8343175053596497
0.909453809261322
0.9317725896835327
0.9514347910881042
0.9634649753570557
0.9554049372673035
0.9626505970954895
0.9695854187011719
0.9726230502128601

binary_crossentropy
0.7251663208007812
0.43551111221313477
0.32817232608795166
0.22295962274074554
0.16871114075183868
0.11123734712600708
0.11700261384248734
0.0951012670993805
0.07702970504760742
0.07002464681863785

f1_score
0.6488049626350403
0.7825132608413696
0.9063476324081421
0.9198606014251709
0.947378933429718
0.9602583646774292
0.9485967755317688
0.959619402885437
0.9660391211509705
0.9692234396934509

iou_score
0.8775660991668701
0.8775660991668701
0.8775660991668701
0.8775660991668701
0.8775660991668701
0.8775660991668701
0.8775660991668701
0.8775660991668701
0.8775660991668701
0.8775660991668701

loss
0.7251663208007812
0.43551111221313477
0.32817232608795166
0.22295962274074554
0.16871114075183868
0.11123734712600708
0.11700261384248734
0.0951012670993805
0.07702970504760742
0.07002464681863785

recall
0.8328938484191895
0.6628311276435852
0.9743475914001465
0.8707679510116577
0.9722023010253906
0.9815648794174194
0.9150509834289551
0.9869117736816406
0.9619809985160828
0.9586424231529236

val_accuracy
0.6313756108283997
0.9020411372184753
0.8935546875
0.9104474186897278
0.9300867915153503
0.8973274230957031
0.9266611933708191
0.9305813908576965
0.920019805431366
0.9367904663085938

val_binary_crossentropy
0.6272415518760681
0.3696511685848236
0.341482549905777
0.3008899688720703
0.26177600026130676
0.3370034694671631
0.24390041828155518
0.2317572683095932
0.2610122263431549
0.21048402786254883

val_f1_score
0.40659844875335693
0.9042276740074158
0.8840303421020508
0.903343915939331
0.9279689192771912
0.8861483931541443
0.9226686358451843
0.9272639751434326
0.9140945672988892
0.934791088104248

val_iou_score
0.8775660991668701
0.8775660991668701
0.8775660991668701
0.8775660991668701
0.8775660991668701
0.8775660991668701
0.8775660991668701
0.8775660991668701
0.8775660991668701
0.8775660991668701

val_loss
0.6272415518760681
0.3696511685848236
0.341482549905777
0.3008899688720703
0.26177600026130676
0.3370034694671631
0.24390041828155518
0.2317572683095932
0.2610122263431549
0.21048402786254883

val_recall
0.2601260840892792
0.95250004529953
0.8356647491455078
0.8619552850723267
0.9275898337364197
0.8230093121528625
0.9011709690093994
0.9114090204238892
0.8764677047729492
0.9331973195075989

