accuracy
0.7455925941467285
0.9573085308074951
0.9573086500167847
0.9573086500167847
0.9573086500167847
0.9573086500167847
0.9573086500167847
0.9573086500167847
0.9573086500167847
0.9573086500167847

binary_crossentropy
0.6026386618614197
0.32268577814102173
0.25231918692588806
0.2630752921104431
0.20073838531970978
0.21454478800296783
0.2033422589302063
0.18675626814365387
0.18902026116847992
0.18271249532699585

f1_score
0.000295928941341117
0.0
0.0
0.0
0.0
0.0
0.0
0.0
0.0
0.0

iou_score
0.0
0.0
0.0
0.0
0.0
0.0
0.0
0.0
0.0
0.0

loss
0.6026386618614197
0.32268577814102173
0.25231918692588806
0.2630752921104431
0.20073838531970978
0.21454478800296783
0.2033422589302063
0.18675626814365387
0.18902026116847992
0.18271249532699585

recall
0.0008820967050269246
0.0
0.0
0.0
0.0
0.0
0.0
0.0
0.0
0.0

val_accuracy
0.9332274198532104
0.9332274198532104
0.9332274198532104
0.9332274198532104
0.9332274198532104
0.9332274198532104
0.9332274198532104
0.9332274198532104
0.9332274198532104
0.9332274198532104

val_binary_crossentropy
0.4578353762626648
0.3969421684741974
0.5572100877761841
0.3850941061973572
0.3135010004043579
0.308834046125412
0.31534576416015625
0.348783016204834
0.3311918079853058
0.3072946071624756

val_f1_score
0.0
0.0
0.0
0.0
0.0
0.0
0.0
0.0
0.0
0.0

val_iou_score
0.0
0.0
0.0
0.0
0.0
0.0
0.0
0.0
0.0
0.0

val_loss
0.4578353762626648
0.3969421684741974
0.5572100877761841
0.3850941061973572
0.3135010004043579
0.308834046125412
0.31534576416015625
0.348783016204834
0.3311918079853058
0.3072946071624756

val_recall
0.0
0.0
0.0
0.0
0.0
0.0
0.0
0.0
0.0
0.0

