loss
0.8525534868240356
0.8293181657791138
0.8142547607421875
0.7930545806884766
0.7947686910629272
0.7963501811027527
0.805331289768219
0.8079375624656677
0.8256446719169617
0.8177842497825623
0.8367706537246704
0.8559907674789429
0.9340027570724487
0.913565993309021
0.8292989134788513
0.8008214831352234
0.7953622341156006
0.7882097363471985
0.8001629710197449
0.8335800766944885
0.8064582347869873
0.8031108379364014
0.8002708554267883
0.8007574677467346
0.8467375040054321
1.434708595275879
1.3294116258621216
0.9842098951339722
0.8687107563018799
0.8791809678077698
0.855898380279541
1.1376783847808838
1.033718228340149
0.8911092877388
0.8345538377761841
0.8119632601737976
0.8054596185684204
0.7936932444572449
0.7887805104255676
0.785050630569458
0.7890961170196533
0.7891941070556641
0.7933374047279358
0.7894886136054993
0.8000347018241882
0.8038784861564636
0.8402001261711121
0.8652711510658264
0.8253495097160339
0.806372880935669

accuracy
0.749531090259552
0.7057307362556458
0.7108169794082642
0.7226808667182922
0.725376307964325
0.7350983619689941
0.7460594177246094
0.7724719047546387
0.7677575945854187
0.7875980138778687
0.8094035387039185
0.8471662998199463
0.8553992509841919
0.7066232562065125
0.7210935354232788
0.7273671627044678
0.7262904644012451
0.7452896237373352
0.7406798005104065
0.7551060318946838
0.7453073859214783
0.7398896217346191
0.7490503787994385
0.8198675513267517
0.816348135471344
0.8586992025375366
0.7665867805480957
0.7522197961807251
0.7931952476501465
0.8626115322113037
0.7854651808738708
0.7493159770965576
0.71498703956604
0.7167060375213623
0.716317892074585
0.7247064113616943
0.7215253710746765
0.7204475402832031
0.7245715856552124
0.7298410534858704
0.7345431447029114
0.753679633140564
0.7519232034683228
0.7761157751083374
0.7914867997169495
0.8087934851646423
0.8164258003234863
0.7797004580497742
0.8249067664146423
0.8404101729393005

mean_io_u_1303
0.4841077923774719
0.4516526162624359
0.46476566791534424
0.48816242814064026
0.49742600321769714
0.49316591024398804
0.49887552857398987
0.5282578468322754
0.5269606113433838
0.5280175805091858
0.5325642228126526
0.5505677461624146
0.5534267425537109
0.451294481754303
0.469975084066391
0.491351842880249
0.49519720673561096
0.4940870404243469
0.5008543133735657
0.4942114055156708
0.5019731521606445
0.5030852556228638
0.5026784539222717
0.5141321420669556
0.5330662727355957
0.5512762665748596
0.48862990736961365
0.49339890480041504
0.5197539329528809
0.5566039681434631
0.5068348050117493
0.46982091665267944
0.4558766782283783
0.4702587425708771
0.4869048297405243
0.4889427721500397
0.4853418469429016
0.48900696635246277
0.4867553412914276
0.49155092239379883
0.5002272725105286
0.5074868202209473
0.5075284242630005
0.5067789554595947
0.5285131931304932
0.5386453866958618
0.529366672039032
0.5196528434753418
0.5407850742340088
0.5462960004806519

val_loss
0.895052969455719
0.8293827176094055
0.8328484892845154
0.8236133456230164
0.8410121202468872
0.8472914099693298
1.017037272453308
1.0348591804504395
0.8680898547172546
0.8656256794929504
1.0780892372131348
0.9895330667495728
1.175727367401123
1.0037297010421753
0.8953682780265808
0.8615481853485107
0.8184880018234253
0.8201401233673096
0.8666288256645203
0.919471025466919
0.8763948082923889
0.8214417099952698
0.8659757375717163
1.0600467920303345
1.2140436172485352
1.6409915685653687
1.1673805713653564
0.9581055641174316
0.9703992605209351
0.9337672591209412
0.9136650562286377
1.207345724105835
1.0134469270706177
0.9089324474334717
0.8728357553482056
0.8649145364761353
0.844992995262146
0.8508592844009399
0.8377096652984619
0.8680395483970642
0.8888179063796997
0.9541588425636292
0.8920636177062988
0.9126057624816895
0.9877370595932007
1.0069352388381958
1.0500614643096924
0.9865931868553162
1.0361710786819458
0.8697282671928406

val_accuracy
0.5542972087860107
0.7174407839775085
0.6306896805763245
0.7642608880996704
0.811204195022583
0.8147169351577759
0.94036865234375
0.9430004954338074
0.7931401133537292
0.8681597709655762
0.9427644610404968
0.8490349054336548
0.7739707827568054
0.6310504078865051
0.5138322710990906
0.5144023299217224
0.7222787737846375
0.7836082577705383
0.7821338176727295
0.8678155541419983
0.8532881140708923
0.7410081624984741
0.8201980590820312
0.9428808689117432
0.9430569410324097
0.6662977337837219
0.7000705003738403
0.8027172684669495
0.9408337473869324
0.9294158816337585
0.6314345002174377
0.5301105976104736
0.7014959454536438
0.7037284970283508
0.7125794887542725
0.6977900862693787
0.7180336117744446
0.7670297026634216
0.759861171245575
0.8254370093345642
0.8558818101882935
0.9343553185462952
0.870770275592804
0.9244455099105835
0.9420358538627625
0.9414646625518799
0.9372108578681946
0.9430569410324097
0.9349665641784668
0.8836561441421509

val_mean_io_u_1303
0.3589475154876709
0.458746999502182
0.4383280873298645
0.47152847051620483
0.47152847051620483
0.47152847051620483
0.47152847051620483
0.47152847051620483
0.5349089503288269
0.47152847051620483
0.47152847051620483
0.4983298182487488
0.4223858416080475
0.3717520833015442
0.3790208697319031
0.4268776774406433
0.48830223083496094
0.4714307487010956
0.4924027621746063
0.47152847051620483
0.47152847051620483
0.47152847051620483
0.47152847051620483
0.47152847051620483
0.47152847051620483
0.4229227304458618
0.4162044823169708
0.4878085255622864
0.47172653675079346
0.5182759761810303
0.41472262144088745
0.33449122309684753
0.4391578137874603
0.46040600538253784
0.4788678288459778
0.4643043577671051
0.47907716035842896
0.47152847051620483
0.47152847051620483
0.47152847051620483
0.47152847051620483
0.47152847051620483
0.47152847051620483
0.47152847051620483
0.47152847051620483
0.47152847051620483
0.47152847051620483
0.47152847051620483
0.47152847051620483
0.47150924801826477

