accuracy
0.5125269293785095
0.9550967812538147
0.9551113247871399
0.9551113247871399
0.9551113247871399
0.9551113247871399
0.9551112651824951
0.9551112651824951
0.9551112651824951
0.9551113247871399

f1_score
0.13273601233959198
0.0005301288329064846
0.0
0.0
0.0
0.0
0.0
0.0
0.0
0.0

iou_score
0.05896872282028198
0.0001704911410342902
0.0
0.0
0.0
0.0
0.0
0.0
0.0
0.0

loss
0.6966736316680908
0.49570131301879883
0.2607252895832062
0.29815399646759033
0.27382588386535645
0.22071263194084167
0.2137714922428131
0.22127246856689453
0.22269770503044128
0.19684183597564697

recall
0.8310390710830688
0.00026529107708483934
0.0
0.0
0.0
0.0
0.0
0.0
0.0
0.0

val_accuracy
0.9270790219306946
0.9272516369819641
0.9272516369819641
0.9272516369819641
0.9272516369819641
0.9272516369819641
0.9272516369819641
0.9272516369819641
0.9272516369819641
0.9272516369819641

val_f1_score
0.0012320600217208266
0.0
0.0
0.0
0.0
0.0
0.0
0.0
0.0
0.0

val_iou_score
0.0006040161824785173
0.0
0.0
0.0
0.0
0.0
0.0
0.0
0.0
0.0

val_loss
0.5420648455619812
0.3314495384693146
0.45626312494277954
0.578825831413269
0.4672924876213074
0.35207945108413696
0.3050457835197449
0.29629141092300415
0.30083614587783813
0.3345629870891571

val_recall
0.0006182536017149687
0.0
0.0
0.0
0.0
0.0
0.0
0.0
0.0
0.0

