accuracy
0.7075438499450684
0.9568037986755371
0.9568037986755371
0.9568037986755371
0.9568037986755371
0.9568037986755371
0.9568037986755371
0.9568037986755371
0.9568037986755371
0.9568037986755371

f1_score
0.1154324859380722
0.0
0.0
0.0
0.0
0.0
0.0
0.0
0.0
0.0

iou_score
0.022000888362526894
0.0
0.0
0.0
0.0
0.0
0.0
0.0
0.0
0.0

loss
0.5486307144165039
0.3040302097797394
0.28173622488975525
0.21253395080566406
0.22769980132579803
0.2136823534965515
0.1837928146123886
0.1781877875328064
0.16475214064121246
0.16651570796966553

recall
0.4417559802532196
0.0
0.0
0.0
0.0
0.0
0.0
0.0
0.0
0.0

val_accuracy
0.9344053268432617
0.9344053268432617
0.9344053268432617
0.9344053268432617
0.9344053268432617
0.9344053268432617
0.9344053268432617
0.9344053268432617
0.9344053268432617
0.9344053268432617

val_f1_score
0.0
0.0
0.0
0.0
0.0
0.0
0.0
0.0
0.0
0.0

val_iou_score
0.0
0.0
0.0
0.0
0.0
0.0
0.0
0.0
0.0
0.0

val_loss
0.4198112487792969
0.5009746551513672
0.26020288467407227
0.3363248109817505
0.24594101309776306
0.23693013191223145
0.21375274658203125
0.2133101522922516
0.2124757170677185
0.2048313021659851

val_recall
0.0
0.0
0.0
0.0
0.0
0.0
0.0
0.0
0.0
0.0

