accuracy
0.695543646812439
0.8350142240524292
0.864893913269043
0.8832853436470032
0.8914560079574585
0.8981346487998962
0.9027073979377747
0.9102909564971924
0.9144492745399475
0.9164302349090576

f1_score
0.6894205808639526
0.8078713417053223
0.8359388709068298
0.8544313311576843
0.8626284599304199
0.8711216449737549
0.8779014348983765
0.8881784081459045
0.8940792679786682
0.8966260552406311

iou_score
0.5392605066299438
0.6731951236724854
0.7155443429946899
0.7438677549362183
0.7583743929862976
0.7722111940383911
0.7830168008804321
0.7995991110801697
0.8088313937187195
0.8128901720046997

loss
0.5783881545066833
0.3913242816925049
0.321402370929718
0.27765315771102905
0.2537834346294403
0.23552227020263672
0.2248624861240387
0.20804914832115173
0.19874301552772522
0.19314680993556976

recall
0.8526239991188049
0.8569358587265015
0.8457299470901489
0.8390856385231018
0.834821343421936
0.8409770131111145
0.8506028056144714
0.8608857989311218
0.8682706952095032
0.8707355856895447

val_accuracy
0.38021382689476013
0.403970330953598
0.47147345542907715
0.5290576815605164
0.5749204754829407
0.6081139445304871
0.6445684432983398
0.6839523911476135
0.7150536179542542
0.739342987537384

val_f1_score
0.5657276511192322
0.5754292011260986
0.6043725609779358
0.6313552260398865
0.65432208776474
0.6725927591323853
0.6935135722160339
0.7177793383598328
0.7379487156867981
0.7543652653694153

val_iou_score
0.3882695734500885
0.3972243666648865
0.42401114106178284
0.4510071873664856
0.47487443685531616
0.4952116906642914
0.5198967456817627
0.5495156049728394
0.5749355554580688
0.5962831974029541

val_loss
1.4890921115875244
1.455876111984253
1.301127314567566
1.1874721050262451
1.0868606567382812
1.0153107643127441
0.9270222783088684
0.8330358266830444
0.7637215852737427
0.713554859161377

val_recall
1.0
0.999599814414978
0.9962522387504578
0.992266833782196
0.9871391654014587
0.985165536403656
0.9810947179794312
0.9764511585235596
0.9709562659263611
0.9652820825576782

