disease_segmentation_accuracy
0.7019320726394653
0.8700938820838928
0.8867579698562622
0.9078110456466675
0.914682924747467
0.9205847382545471
0.921966016292572
0.9263680577278137
0.9295914769172668
0.9350196719169617

disease_segmentation_binary_crossentropy
0.5259735584259033
0.2944251596927643
0.23914413154125214
0.20967642962932587
0.2026803195476532
0.1867777556180954
0.1998625099658966
0.17362213134765625
0.15478873252868652
0.14580222964286804

disease_segmentation_f1_score
0.7002660632133484
0.850328266620636
0.8705868124961853
0.9010267853736877
0.9113758206367493
0.9180925488471985
0.9197720885276794
0.9235243797302246
0.9272356629371643
0.934409499168396

disease_segmentation_iou_score
0.5726339817047119
0.5726339817047119
0.5726339817047119
0.5726339817047119
0.5726339817047119
0.5726339817047119
0.5726339817047119
0.5726339817047119
0.5726339817047119
0.5726339817047119

disease_segmentation_recall
0.7644404172897339
0.7992377877235413
0.8178516626358032
0.877669095993042
0.9020799398422241
0.9086692333221436
0.9106422662734985
0.9079541563987732
0.9118040204048157
0.9243924021720886

leaf_segmentation_accuracy
0.8122256398200989
0.8795281052589417
0.9096364974975586
0.9078286290168762
0.9132080674171448
0.9184374213218689
0.9181087017059326
0.9208455085754395
0.9208945035934448
0.9211608171463013

leaf_segmentation_binary_crossentropy
0.4339625835418701
0.3618413805961609
0.29802387952804565
0.25415492057800293
0.22543320059776306
0.21387171745300293
0.19474971294403076
0.17934837937355042
0.18020203709602356
0.19348084926605225

leaf_segmentation_f1_score
0.40353748202323914
0.562541663646698
0.544095516204834
0.6141864657402039
0.5971139669418335
0.5797103643417358
0.5985974073410034
0.5927906036376953
0.5920160412788391
0.6060435175895691

leaf_segmentation_recall
0.5119300484657288
0.5934857130050659
0.4309064745903015
0.5555580258369446
0.4996982514858246
0.4480961263179779
0.47871673107147217
0.45542702078819275
0.4543735086917877
0.4754238426685333

loss
0.9599361419677734
0.6562665700912476
0.5371679663658142
0.4638313353061676
0.42811352014541626
0.4006494879722595
0.39461225271224976
0.35297051072120667
0.33499079942703247
0.3392830789089203

val_disease_segmentation_accuracy
0.36840230226516724
0.368730753660202
0.38077062368392944
0.40997251868247986
0.45762917399406433
0.505309522151947
0.542329728603363
0.5828297138214111
0.6258041858673096
0.6548135876655579

val_disease_segmentation_binary_crossentropy
4.255379676818848
4.252501487731934
3.38639497756958
2.6708734035491943
2.327118396759033
2.0882670879364014
1.8457682132720947
1.6209537982940674
1.3334832191467285
1.201796293258667

val_disease_segmentation_f1_score
0.5539774298667908
0.5541090369224548
0.5589615702629089
0.5709588527679443
0.5915709137916565
0.6137921214103699
0.6322770714759827
0.653675377368927
0.6780170798301697
0.6953748464584351

val_disease_segmentation_iou_score
0.5726339817047119
0.5726339817047119
0.5726339817047119
0.5726339817047119
0.5726339817047119
0.5726339817047119
0.5726339817047119
0.5726339817047119
0.5726339817047119
0.5726339817047119

val_disease_segmentation_recall
1.0
1.0
0.9999494552612305
0.9993299245834351
0.9977299571037292
0.9960508346557617
0.9947155117988586
0.9924534559249878
0.989549458026886
0.9867432713508606

val_leaf_segmentation_accuracy
0.8424014449119568
0.9000083208084106
0.9051404595375061
0.9078853130340576
0.9123362302780151
0.9145147800445557
0.9149675369262695
0.9131723046302795
0.9137815833091736
0.9141382575035095

val_leaf_segmentation_binary_crossentropy
0.5015085339546204
0.48671263456344604
0.4035453796386719
0.38235893845558167
0.44715914130210876
0.4015420079231262
0.3984345495700836
0.4693675935268402
0.421907514333725
0.389080286026001

val_leaf_segmentation_f1_score
0.02603190205991268
0.02049466408789158
0.11443985998630524
0.2199222445487976
0.04218114912509918
0.07438946515321732
0.08037473261356354
0.014161940664052963
0.029131069779396057
0.0369114875793457

val_leaf_segmentation_recall
0.024082547053694725
0.011973712593317032
0.06958926469087601
0.14499758183956146
0.022083625197410583
0.03921400010585785
0.04241286590695381
0.007144572213292122
0.014811273664236069
0.018836291506886482

val_loss
4.756888389587402
4.7392144203186035
3.789940595626831
3.053232192993164
2.774277448654175
2.489809036254883
2.2442028522491455
2.0903210639953613
1.7553905248641968
1.590876817703247

