disease_segmentation_accuracy
0.6063898801803589
0.8629856109619141
0.9103080630302429
0.9273736476898193
0.9350625276565552
0.9456369876861572
0.947876513004303
0.955009400844574
0.9568707942962646
0.9614566564559937

disease_segmentation_binary_crossentropy
0.6681551933288574
0.3120864927768707
0.210330069065094
0.17551326751708984
0.1586984246969223
0.1389521062374115
0.13128028810024261
0.11842624843120575
0.11477792263031006
0.10627817362546921

disease_segmentation_f1_score
0.5679346323013306
0.8326996564865112
0.8893922567367554
0.910650372505188
0.9217004179954529
0.935058057308197
0.9390926957130432
0.9487209320068359
0.9514811038970947
0.9574422240257263

disease_segmentation_iou_score
0.4879010021686554
0.4879010021686554
0.4879010021686554
0.4879010021686554
0.4879010021686554
0.4879010021686554
0.4879010021686554
0.4879010021686554
0.4879010021686554
0.4879010021686554

disease_segmentation_recall
0.639875054359436
0.8191320300102234
0.8595436215400696
0.8761773109436035
0.8974441289901733
0.9098256230354309
0.9218770861625671
0.9377615451812744
0.9433413743972778
0.9502989053726196

leaf_segmentation_accuracy
0.4875906705856323
0.6301634311676025
0.6944840550422668
0.7847965359687805
0.8577374219894409
0.9058762788772583
0.9294084906578064
0.9337565302848816
0.9530781507492065
0.9555753469467163

leaf_segmentation_binary_crossentropy
0.7892159223556519
0.6985118389129639
0.6195935010910034
0.5497733354568481
0.4796738028526306
0.4247087836265564
0.3765915632247925
0.3346922695636749
0.29140931367874146
0.2611844539642334

leaf_segmentation_f1_score
0.10061201453208923
0.1785278022289276
0.20096157491207123
0.2598808705806732
0.34779566526412964
0.4219282865524292
0.46895092725753784
0.48973408341407776
0.5307998061180115
0.49622052907943726

leaf_segmentation_recall
0.6239243149757385
0.856694757938385
0.8148626685142517
0.7893412113189697
0.7718865871429443
0.6812700033187866
0.6110528707504272
0.615001380443573
0.5088343620300293
0.43362805247306824

loss
1.4573711156845093
1.0105983018875122
0.8299235105514526
0.725286602973938
0.6383721828460693
0.5636609196662903
0.5078718662261963
0.4531185030937195
0.4061872363090515
0.3674626350402832

val_disease_segmentation_accuracy
0.5084622502326965
0.5091063380241394
0.5101538896560669
0.5136991143226624
0.5172373056411743
0.5205779075622559
0.5239951610565186
0.5279383063316345
0.5402300357818604
0.5672725439071655

val_disease_segmentation_binary_crossentropy
1.966200590133667
2.1396117210388184
2.08493971824646
2.000640869140625
1.9131476879119873
1.8570804595947266
1.7712252140045166
1.7180259227752686
1.6296335458755493
1.53587007522583

val_disease_segmentation_f1_score
0.6818234920501709
0.6821131110191345
0.6825645565986633
0.6841433644294739
0.6856933832168579
0.6871099472045898
0.6886334419250488
0.6904526948928833
0.6959631443023682
0.7085551619529724

val_disease_segmentation_iou_score
0.4879010021686554
0.4879010021686554
0.4879010021686554
0.4879010021686554
0.4879010021686554
0.4879010021686554
0.4879010021686554
0.4879010021686554
0.4879010021686554
0.4879010021686554

val_disease_segmentation_recall
1.0
1.0
0.9999075531959534
0.9998073577880859
0.9995620250701904
0.9991157054901123
0.9989281892776489
0.9989442825317383
0.9979842305183411
0.9964417219161987

val_leaf_segmentation_accuracy
0.499202162027359
0.901955783367157
0.9157359004020691
0.9164590835571289
0.9165636897087097
0.9165238738059998
0.9164478182792664
0.9163846373558044
0.9162149429321289
0.9128274917602539

val_leaf_segmentation_binary_crossentropy
0.808853268623352
0.3777216076850891
0.38307780027389526
0.3982259929180145
0.44409018754959106
0.4767359793186188
0.4672003388404846
0.49363741278648376
0.4993874430656433
0.4921817481517792

val_leaf_segmentation_f1_score
0.1909712851047516
0.03884473815560341
0.002376014133915305
3.1807627237867564e-05
0.0
0.0
0.0
0.0
0.0
0.0

val_leaf_segmentation_recall
0.6739997863769531
0.02355189248919487
0.0012022771406918764
1.5924200852168724e-05
0.0
0.0
0.0
0.0
0.0
0.0

val_loss
2.7750539779663086
2.5173332691192627
2.468017339706421
2.398866891860962
2.3572378158569336
2.3338165283203125
2.2384254932403564
2.211663246154785
2.129020929336548
2.0280518531799316

