accuracy
0.7275683283805847
0.9557322263717651
0.9557323455810547
0.9557322263717651
0.9557322263717651
0.9557322263717651
0.9557322263717651
0.9557322263717651
0.9557322263717651
0.9557322263717651

binary_crossentropy
0.4607522785663605
0.2578340768814087
0.22849304974079132
0.21681654453277588
0.20871631801128387
0.19109944999217987
0.178338885307312
0.17596422135829926
0.16655874252319336
0.1640804260969162

f1_score
0.0011858073994517326
0.0
0.0
0.0
0.0
0.0
0.0
0.0
0.0
0.0

iou_score
0.0
0.0
0.0
0.0
0.0
0.0
0.0
0.0
0.0
0.0

loss
0.4607522785663605
0.2578340768814087
0.22849304974079132
0.21681654453277588
0.20871631801128387
0.19109944999217987
0.178338885307312
0.17596422135829926
0.16655874252319336
0.1640804260969162

recall
0.0036532538942992687
0.0
0.0
0.0
0.0
0.0
0.0
0.0
0.0
0.0

val_accuracy
0.936905562877655
0.936905562877655
0.936905562877655
0.936905562877655
0.936905562877655
0.936905562877655
0.936905562877655
0.936905562877655
0.936905562877655
0.936905562877655

val_binary_crossentropy
0.31414595246315
0.3218785524368286
0.30691295862197876
0.2852511703968048
0.2848536968231201
0.27772456407546997
0.28615662455558777
0.27820122241973877
0.2970467805862427
0.28024956583976746

val_f1_score
0.0
0.0
0.0
0.0
0.0
0.0
0.0
0.0
0.0
0.0

val_iou_score
0.0
0.0
0.0
0.0
0.0
0.0
0.0
0.0
0.0
0.0

val_loss
0.31414595246315
0.3218785524368286
0.30691295862197876
0.2852511703968048
0.2848536968231201
0.27772456407546997
0.28615662455558777
0.27820122241973877
0.2970467805862427
0.28024956583976746

val_recall
0.0
0.0
0.0
0.0
0.0
0.0
0.0
0.0
0.0
0.0

