accuracy
0.8718919157981873
0.9280914068222046
0.9280914664268494
0.9280914068222046
0.9280914664268494
0.9280914664268494
0.9280914068222046
0.9280914664268494
0.9280914664268494
0.9280914664268494

f1_score
0.002262251451611519
0.0
0.0
0.0
0.0
0.0
0.0
0.0
0.0
0.0

iou_score
0.00022837794676888734
0.0
0.0
0.0
0.0
0.0
0.0
0.0
0.0
0.0

loss
0.466562420129776
0.326993852853775
0.3028104305267334
0.2738744914531708
0.24990065395832062
0.2303456813097
0.22151324152946472
0.2208324372768402
0.21534189581871033
0.2076621800661087

recall
0.002019761595875025
0.0
0.0
0.0
0.0
0.0
0.0
0.0
0.0
0.0

val_accuracy
0.9343907833099365
0.9343907833099365
0.9343907833099365
0.9343907833099365
0.9343907833099365
0.9343907833099365
0.9343907833099365
0.9343907833099365
0.9343907833099365
0.9343907833099365

val_f1_score
0.0
0.0
0.0
0.0
0.0
0.0
0.0
0.0
0.0
0.0

val_iou_score
0.0
0.0
0.0
0.0
0.0
0.0
0.0
0.0
0.0
0.0

val_loss
0.3097729980945587
0.29183945059776306
0.2792181372642517
0.2614322900772095
0.24219484627246857
0.23573461174964905
0.23454126715660095
0.2345217913389206
0.23633889853954315
0.23377886414527893

val_recall
0.0
0.0
0.0
0.0
0.0
0.0
0.0
0.0
0.0
0.0

