accuracy
0.47128477692604065
0.7612169981002808
0.8665998578071594
0.9203852415084839
0.9397788047790527
0.9495657086372375
0.9620413780212402
0.9673233032226562
0.968990683555603
0.9735265374183655

f1_score
0.5203506350517273
0.7606558799743652
0.8321742415428162
0.912699282169342
0.9334866404533386
0.9417988061904907
0.9579150080680847
0.9639102220535278
0.9647875428199768
0.9706155061721802

iou_score
0.32486745715141296
0.6095749139785767
0.7243532538414001
0.8371211886405945
0.8764262795448303
0.889910876750946
0.9178085327148438
0.9307435154914856
0.9320973753929138
0.9422743320465088

loss
0.9994527697563171
0.556940495967865
0.44830262660980225
0.3266357481479645
0.24026620388031006
0.19011016190052032
0.14277924597263336
0.10985597968101501
0.09316691011190414
0.07333534955978394

recall
0.6431227922439575
0.8508812189102173
0.7416719794273376
0.9332621693611145
0.947650671005249
0.9150665402412415
0.968747079372406
0.9785663485527039
0.9526399374008179
0.9804853796958923

val_accuracy
0.6657570600509644
0.753136932849884
0.88919997215271
0.8868798017501831
0.8909602761268616
0.9036157131195068
0.9057557582855225
0.900634765625
0.911418080329895
0.9124191999435425

val_f1_score
0.7364540696144104
0.6681865453720093
0.8854540586471558
0.883971095085144
0.8809787631034851
0.8956829905509949
0.8996604084968567
0.8901158571243286
0.9040680527687073
0.9055216312408447

val_iou_score
0.5697084069252014
0.5184662938117981
0.7858455181121826
0.7792030572891235
0.7851476073265076
0.8132842779159546
0.8141565322875977
0.8071775436401367
0.8250541687011719
0.8250850439071655

val_loss
0.5941013693809509
0.5655024647712708
0.39544299244880676
0.399974524974823
0.4109450876712799
0.39310944080352783
0.4223783612251282
0.46174681186676025
0.4443649351596832
0.4806508421897888

val_recall
0.9928702712059021
0.5284464955329895
0.9104734063148499
0.9161217212677002
0.8579599261283875
0.8797240853309631
0.8982603549957275
0.8556323051452637
0.8874098062515259
0.8923119902610779

