accuracy
0.6307648420333862
0.79665207862854
0.8425022959709167
0.8678569793701172
0.8875366449356079
0.903842568397522
0.9155431389808655
0.9246365427970886
0.9218526482582092
0.9321955442428589

f1_score
0.6805064678192139
0.7998576760292053
0.8404643535614014
0.8645558953285217
0.8838010430335999
0.9005822539329529
0.9126167893409729
0.9225302338600159
0.9192103147506714
0.9305912852287292

iou_score
0.5252387523651123
0.6669926047325134
0.7185626029968262
0.7605208158493042
0.7899113297462463
0.8170170783996582
0.8371536731719971
0.8488113880157471
0.8503810167312622
0.8708193898200989

loss
0.6518782377243042
0.46640706062316895
0.37870854139328003
0.3239156901836395
0.2737853527069092
0.24211910367012024
0.21539416909217834
0.20328029990196228
0.19341236352920532
0.16886788606643677

recall
0.8485302329063416
0.8647447228431702
0.8749428391456604
0.8834254741668701
0.8909493088722229
0.9011884331703186
0.9082515239715576
0.9169430136680603
0.9139868021011353
0.9240495562553406

val_accuracy
0.48542293906211853
0.48490485548973083
0.4855475425720215
0.48710203170776367
0.4911063015460968
0.5055022835731506
0.5288318395614624
0.5507314205169678
0.571141242980957
0.5911441445350647

val_f1_score
0.6601309776306152
0.6599012017250061
0.6601861715316772
0.660876452922821
0.6626611948013306
0.6691579818725586
0.6799613237380981
0.6904246807098389
0.7004704475402832
0.710603654384613

val_iou_score
0.4883802831172943
0.48812663555145264
0.4884412884712219
0.4892040491104126
0.49117976427078247
0.4984166622161865
0.5106083154678345
0.52260822057724
0.5343109369277954
0.5463002920150757

val_loss
1.425329327583313
1.4834387302398682
1.4298171997070312
1.343713402748108
1.2372883558273315
1.163262128829956
1.1090871095657349
1.0900521278381348
1.0660635232925415
1.0592769384384155

val_recall
1.0
1.0
1.0
1.0
1.0
1.0
1.0
1.0
1.0
1.0

