accuracy
0.6306301355361938
0.79025799036026
0.8244971036911011
0.8441405892372131
0.8731278777122498
0.8883360624313354
0.8968135714530945
0.9173040986061096
0.9214155673980713
0.9344254732131958

f1_score
0.571779191493988
0.7498170733451843
0.7918282747268677
0.8166022896766663
0.8507283329963684
0.8691880702972412
0.8797941207885742
0.9044781923294067
0.9094858169555664
0.9251935482025146

iou_score
0.40417343378067017
0.6003377437591553
0.6538020372390747
0.6865155696868896
0.7373306751251221
0.7658872604370117
0.7818663120269775
0.8218333721160889
0.8318403959274292
0.8587323427200317

loss
0.6538429260253906
0.4837160110473633
0.40608155727386475
0.3585900366306305
0.2963213622570038
0.26668137311935425
0.24640990793704987
0.21097777783870697
0.199552983045578
0.17712952196598053

recall
0.6067391037940979
0.7622557282447815
0.8042435646057129
0.8305277824401855
0.8569678664207458
0.8731380701065063
0.8842856287956238
0.9048800468444824
0.9100775718688965
0.9235906004905701

val_accuracy
0.5559125542640686
0.5501139163970947
0.5407724976539612
0.5378135442733765
0.5396753549575806
0.5453948378562927
0.5557806491851807
0.5677282810211182
0.5825019478797913
0.597665548324585

val_f1_score
0.6633996963500977
0.6919446587562561
0.6928369402885437
0.6928349137306213
0.6938154697418213
0.6963639855384827
0.7010475993156433
0.7065986394882202
0.7136954069137573
0.7211230993270874

val_iou_score
0.49354881048202515
0.5250641107559204
0.5257677435874939
0.5255692005157471
0.5266833305358887
0.5296761989593506
0.5352321863174438
0.5418808460235596
0.5504567623138428
0.5595452785491943

val_loss
0.6949005722999573
0.737802267074585
0.7925196886062622
0.8199953436851501
0.8224217891693115
0.8078107833862305
0.7849544286727905
0.762947678565979
0.7410197257995605
0.7241193056106567

val_recall
0.8362663388252258
0.9632670879364014
0.9872945547103882
0.99358731508255
0.9940426349639893
0.9933202862739563
0.9920355677604675
0.9908920526504517
0.9899027347564697
0.9888095259666443

