accuracy
0.9345097541809082
0.9356420040130615
0.9356420636177063
0.9356419444084167
0.9356420636177063
0.9356420040130615
0.9356420040130615
0.9356420040130615
0.9356420040130615
0.9356420040130615

f1_score
0.0
0.0
0.0
0.0
0.0
0.0
0.0
0.0
0.0
0.0

iou_score
0.0
0.0
0.0
0.0
0.0
0.0
0.0
0.0
0.0
0.0

loss
0.3836199939250946
0.28515368700027466
0.25264090299606323
0.22623363137245178
0.213884174823761
0.20832635462284088
0.20188012719154358
0.19970880448818207
0.19942396879196167
0.1976551115512848

recall
0.0
0.0
0.0
0.0
0.0
0.0
0.0
0.0
0.0
0.0

val_accuracy
0.8795379400253296
0.8795379400253296
0.8795379400253296
0.8795379400253296
0.8795379400253296
0.8795379400253296
0.8795379400253296
0.8795379400253296
0.8795379400253296
0.8795379400253296

val_f1_score
0.0
0.0
0.0
0.0
0.0
0.0
0.0
0.0
0.0
0.0

val_iou_score
0.0
0.0
0.0
0.0
0.0
0.0
0.0
0.0
0.0
0.0

val_loss
0.4211428165435791
0.3985140025615692
0.3713013529777527
0.35104620456695557
0.3335110545158386
0.32343143224716187
0.32323503494262695
0.31528207659721375
0.39408332109451294
0.3119639456272125

val_recall
0.0
0.0
0.0
0.0
0.0
0.0
0.0
0.0
0.0
0.0

