accuracy
0.5153622031211853
0.6434512734413147
0.6671345829963684
0.8314437866210938
0.9255909323692322
0.9287291765213013
0.9430440068244934
0.9437065124511719
0.9531182050704956
0.9612486362457275

binary_crossentropy
1.147025227546692
0.6240694522857666
0.6375805139541626
0.4093424081802368
0.3323785960674286
0.31585901975631714
0.23309001326560974
0.1859951615333557
0.1585048884153366
0.13903144001960754

f1_score
0.20452649891376495
0.6457380652427673
0.046439047902822495
0.6764178276062012
0.8927392959594727
0.9007169604301453
0.914730429649353
0.9133055806159973
0.928644597530365
0.9424653053283691

iou_score
0.7641769051551819
0.7641769051551819
0.7641769051551819
0.7641769051551819
0.7641769051551819
0.7641769051551819
0.7641769051551819
0.7641769051551819
0.7641769051551819
0.7641769051551819

loss
1.147025227546692
0.6240694522857666
0.6375805139541626
0.4093424081802368
0.3323785960674286
0.31585901975631714
0.23309001326560974
0.1859951615333557
0.1585048884153366
0.13903144001960754

recall
0.18272337317466736
0.9530238509178162
0.023771490901708603
0.5166877508163452
0.9081609845161438
0.9481522440910339
0.8959662914276123
0.8696328401565552
0.8947058320045471
0.9308422803878784

val_accuracy
0.760314404964447
0.5050328373908997
0.6623162627220154
0.8751177191734314
0.8973879218101501
0.8898035883903503
0.8713251948356628
0.8822175860404968
0.8950115442276001
0.9057435393333435

val_binary_crossentropy
0.5427623391151428
0.8949893116950989
0.6024267077445984
0.4076407849788666
0.3575369119644165
0.3524071276187897
0.3838202655315399
0.37448978424072266
0.3562218248844147
0.3390967845916748

val_f1_score
0.8062905669212341
0.026023637503385544
0.5011801719665527
0.8672654628753662
0.8959165811538696
0.8837960958480835
0.8593108654022217
0.8733233213424683
0.889614462852478
0.9035024046897888

val_iou_score
0.7641769051551819
0.7641769051551819
0.7641769051551819
0.7641769051551819
0.7641769051551819
0.7641769051551819
0.7641769051551819
0.7641769051551819
0.7641769051551819
0.7641769051551819

val_loss
0.5427623391151428
0.8949893116950989
0.6024267077445984
0.4076407849788666
0.3575369119644165
0.3524071276187897
0.3838202655315399
0.37448978424072266
0.3562218248844147
0.3390967845916748

val_recall
0.9949042201042175
0.013188466429710388
0.33834418654441833
0.8137057423591614
0.8808114528656006
0.8357905149459839
0.7837576270103455
0.8097624778747559
0.843781054019928
0.880081057548523

