accuracy
0.892576277256012
0.8972535133361816
0.8972534537315369
0.8972534537315369
0.8972534537315369
0.8972534537315369
0.8972535133361816
0.8972534537315369
0.8972535133361816
0.8972534537315369

f1_score
0.00016444094944745302
0.0
0.0
0.0
0.0
0.0
0.0
0.0
0.0
0.0

iou_score
5.647154830512591e-05
0.0
0.0
0.0
0.0
0.0
0.0
0.0
0.0
0.0

loss
0.5173800587654114
0.4338226914405823
0.393588125705719
0.3976128101348877
0.373756468296051
0.3566381633281708
0.3475332260131836
0.31040138006210327
0.29353001713752747
0.280348539352417

recall
8.598173735663295e-05
0.0
0.0
0.0
0.0
0.0
0.0
0.0
0.0
0.0

val_accuracy
0.9440105557441711
0.9440105557441711
0.9440105557441711
0.9440105557441711
0.9440105557441711
0.9440105557441711
0.9440105557441711
0.9440105557441711
0.9440105557441711
0.9440105557441711

val_f1_score
0.0
0.0
0.0
0.0
0.0
0.0
0.0
0.0
0.0
0.0

val_iou_score
0.0
0.0
0.0
0.0
0.0
0.0
0.0
0.0
0.0
0.0

val_loss
0.28782063722610474
0.3115416169166565
0.2708631157875061
0.25847679376602173
0.2697587013244629
0.23772716522216797
0.24453496932983398
0.21335096657276154
0.2137974202632904
0.2055104672908783

val_recall
0.0
0.0
0.0
0.0
0.0
0.0
0.0
0.0
0.0
0.0

