accuracy
0.816129207611084
0.8915477991104126
0.9106652736663818
0.9239363074302673
0.9321742653846741
0.9354948997497559
0.9405937790870667
0.9415647387504578
0.9449778199195862
0.9466599822044373

f1_score
0.7654650211334229
0.8658030033111572
0.8957396745681763
0.9105941653251648
0.9219089150428772
0.9258289933204651
0.9348639845848083
0.9336633682250977
0.9380605220794678
0.9423816204071045

iou_score
0.6401375532150269
0.7641584277153015
0.810072124004364
0.8361674547195435
0.8559209108352661
0.862890899181366
0.8767627477645874
0.8760455846786499
0.8851696252822876
0.8891032338142395

loss
0.38909751176834106
0.24044625461101532
0.19623175263404846
0.1660882979631424
0.1466670036315918
0.1372430920600891
0.12419915199279785
0.12038783729076385
0.11288051307201385
0.1088157445192337

recall
0.7300673723220825
0.8295459747314453
0.8844502568244934
0.8894443511962891
0.9036243557929993
0.9056885838508606
0.9288341403007507
0.9145586490631104
0.9193795323371887
0.9351868629455566

val_accuracy
0.3950362503528595
0.4858802258968353
0.5831382870674133
0.6734113693237305
0.7427546381950378
0.777469277381897
0.8291293382644653
0.8389554023742676
0.860117495059967
0.8778989315032959

val_f1_score
0.5806261897087097
0.6205087304115295
0.6694449782371521
0.7219497561454773
0.7683693766593933
0.7933476567268372
0.8328865170478821
0.840532660484314
0.8574882745742798
0.8732784986495972

val_iou_score
0.4032023549079895
0.44220486283302307
0.49595069885253906
0.553970456123352
0.6118577718734741
0.6464864015579224
0.7008100152015686
0.7143473625183105
0.7390772700309753
0.7641708254814148

val_loss
3.7252590656280518
1.602787733078003
1.2941547632217407
0.9292248487472534
0.7023789286613464
0.588473916053772
0.4390246272087097
0.4057183265686035
0.34406620264053345
0.29871413111686707

val_recall
1.0
0.9995116591453552
0.9974797964096069
0.9931458234786987
0.9887979030609131
0.9828628897666931
0.9668988585472107
0.9615031480789185
0.9470726847648621
0.9407398104667664

