accuracy
0.9022889137268066
0.9023358821868896
0.9023360013961792
0.9023360013961792
0.9023359417915344
0.9023359417915344
0.9023360013961792
0.9023360013961792
0.9023359417915344
0.9023359417915344

binary_crossentropy
0.5282894372940063
0.39624395966529846
0.3612389862537384
0.3739185035228729
0.3552529513835907
0.32443785667419434
0.3106415569782257
0.30998820066452026
0.30603864789009094
0.2718762755393982

f1_score
0.0
0.0
0.0
0.0
0.0
0.0
0.0
0.0
0.0
0.0

iou_score
0.0
0.0
0.0
0.0
0.0
0.0
0.0
0.0
0.0
0.0

loss
0.5282894372940063
0.39624395966529846
0.3612389862537384
0.3739185035228729
0.3552529513835907
0.32443785667419434
0.3106415569782257
0.30998820066452026
0.30603864789009094
0.2718762755393982

recall
0.0
0.0
0.0
0.0
0.0
0.0
0.0
0.0
0.0
0.0

val_accuracy
0.9418347477912903
0.9418347477912903
0.9418347477912903
0.9418347477912903
0.9418347477912903
0.9418347477912903
0.9418347477912903
0.9418347477912903
0.9418347477912903
0.9418347477912903

val_binary_crossentropy
0.2796710133552551
0.29406529664993286
0.253637433052063
0.26132094860076904
0.2575828731060028
0.22980841994285583
0.2210077941417694
0.2475593388080597
0.20837697386741638
0.20834806561470032

val_f1_score
0.0
0.0
0.0
0.0
0.0
0.0
0.0
0.0
0.0
0.0

val_iou_score
0.0
0.0
0.0
0.0
0.0
0.0
0.0
0.0
0.0
0.0

val_loss
0.2796710133552551
0.29406529664993286
0.253637433052063
0.26132094860076904
0.2575828731060028
0.22980841994285583
0.2210077941417694
0.2475593388080597
0.20837697386741638
0.20834806561470032

val_recall
0.0
0.0
0.0
0.0
0.0
0.0
0.0
0.0
0.0
0.0

