loss
0.8082656264305115
0.39726555347442627
0.3480066657066345
0.3320413827896118
0.32378143072128296
0.3243418037891388
0.32176387310028076
0.31542500853538513
0.3168543875217438
0.3142920434474945
0.3163801431655884
0.3150688707828522
0.31375229358673096
0.3139561712741852
0.3101723790168762
0.3081408441066742

accuracy
0.5570970177650452
0.8951719403266907
0.9223637580871582
0.9279414415359497
0.9297276139259338
0.9305383563041687
0.9303399920463562
0.9310749769210815
0.9311702251434326
0.9315581321716309
0.9314259886741638
0.931547224521637
0.9313229322433472
0.9314954876899719
0.931315004825592
0.9315879940986633

val_loss
0.6210973858833313
0.5906773209571838
0.5792129635810852
0.5714868307113647
0.5644840002059937
0.5581213235855103
0.5517013669013977
0.5441524386405945
0.5360838174819946
0.5278187394142151
0.5194054841995239
0.510222315788269
0.5002682209014893
0.4898255169391632
0.47903794050216675
0.46795758605003357

val_accuracy
0.9187610149383545
0.9256527423858643
0.9258455038070679
0.9258619546890259
0.9258638024330139
0.9258802533149719
0.9258802533149719
0.9258802533149719
0.9258802533149719
0.9258802533149719
0.9258802533149719
0.9258802533149719
0.9258802533149719
0.9258802533149719
0.9258802533149719
0.9258802533149719

lr
0.0010000000474974513
0.0010000000474974513
0.0010000000474974513
0.0010000000474974513
0.0010000000474974513
0.0010000000474974513
0.0010000000474974513
0.0010000000474974513
0.0010000000474974513
0.0010000000474974513
0.0005000000237487257
0.0005000000237487257
0.0005000000237487257
0.0005000000237487257
0.0005000000237487257
0.0005000000237487257

