accuracy
0.5014182329177856
0.5053645968437195
0.5646289587020874
0.5648714900016785
0.5702104568481445
0.8023110628128052
0.8891957402229309
0.9074379801750183
0.9249528646469116
0.9298208951950073

f1_score
0.43529829382896423
0.5618270635604858
0.0001555666676722467
0.0014748990070074797
0.02804599702358246
0.7176989912986755
0.8700050711631775
0.8978433012962341
0.9148712158203125
0.9199679493904114

iou_score
0.2586027979850769
0.2765176296234131
6.54780087643303e-05
0.0006030757213011384
0.012231506407260895
0.5771631002426147
0.7728111147880554
0.8128812909126282
0.834453284740448
0.8482148051261902

loss
6.283413887023926
0.7302626371383667
0.6808136105537415
0.6161956787109375
0.5612350702285767
0.4722157418727875
0.3498535752296448
0.22097010910511017
0.18847742676734924
0.17383168637752533

recall
0.4413759708404541
0.7283609509468079
7.779435691190884e-05
0.0007381170871667564
0.014242473989725113
0.5771874189376831
0.8516405820846558
0.9342674612998962
0.9262368679046631
0.9264479279518127

val_accuracy
0.3756003975868225
0.6276051998138428
0.6250229477882385
0.6271994709968567
0.6474534869194031
0.6682992577552795
0.7099401354789734
0.7501894235610962
0.8095672726631165
0.8582769632339478

val_f1_score
0.5458880662918091
0.015747185796499252
0.0017812765436246991
0.01330516580492258
0.11585628241300583
0.23283645510673523
0.4291209578514099
0.5988104343414307
0.6664565801620483
0.7768765687942505

val_iou_score
0.37649768590927124
0.007982112467288971
0.0008918231469579041
0.006618498358875513
0.061796851456165314
0.133930504322052
0.2722606658935547
0.42557159066200256
0.4980076849460602
0.6374111771583557

val_loss
10.396145820617676
6.894922733306885
16.35647964477539
2.6265628337860107
2.9421944618225098
1.7763335704803467
1.3480098247528076
1.2005172967910767
0.9536558389663696
0.40194010734558105

val_recall
0.9999938607215881
0.007937685586512089
0.0008914649370126426
0.006697426084429026
0.06154703348875046
0.1341230571269989
0.29048070311546326
0.4967576265335083
0.5069382786750793
0.6574172973632812

