accuracy
0.8431999087333679
0.904097855091095
0.904097855091095
0.904097855091095
0.9040979146957397
0.904097855091095
0.904097855091095
0.9040979146957397
0.904097855091095
0.9040979146957397

f1_score
0.006007860880345106
0.0
0.0
0.0
0.0
0.0
0.0
0.0
0.0
0.0

iou_score
0.0011052280897274613
0.0
0.0
0.0
0.0
0.0
0.0
0.0
0.0
0.0

loss
0.8040717840194702
0.4791150987148285
0.37777042388916016
0.3414875566959381
0.3295011520385742
0.2984628677368164
0.2965329587459564
0.3075149655342102
0.2982447147369385
0.28206002712249756

recall
0.004941157530993223
0.0
0.0
0.0
0.0
0.0
0.0
0.0
0.0
0.0

val_accuracy
0.9410805106163025
0.9410805106163025
0.9410805106163025
0.9410805106163025
0.9410805106163025
0.9410805106163025
0.9410805106163025
0.9410805106163025
0.9410805106163025
0.9410805106163025

val_f1_score
0.0
0.0
0.0
0.0
0.0
0.0
0.0
0.0
0.0
0.0

val_iou_score
0.0
0.0
0.0
0.0
0.0
0.0
0.0
0.0
0.0
0.0

val_loss
0.485309898853302
0.3192216455936432
0.2723122537136078
0.26739487051963806
0.23658442497253418
0.2389426976442337
0.26867562532424927
0.24855589866638184
0.23035268485546112
0.22110407054424286

val_recall
0.0
0.0
0.0
0.0
0.0
0.0
0.0
0.0
0.0
0.0

