accuracy
0.13354259729385376
0.8255845904350281
0.9581271409988403
0.9633083939552307
0.9633083343505859
0.9633083939552307
0.9633083343505859
0.9633083343505859
0.9633083343505859
0.9633083343505859

f1_score
0.06315088272094727
0.014593384228646755
0.0
0.0
0.0
0.0
0.0
0.0
0.0
0.0

iou_score
0.031346455216407776
0.007134617771953344
0.0
0.0
0.0
0.0
0.0
0.0
0.0
0.0

loss
0.705403745174408
0.6833407282829285
0.662343442440033
0.6429586410522461
0.6240822672843933
0.6045992374420166
0.5840225219726562
0.5614558458328247
0.5367878675460815
0.5093183517456055

recall
0.7959027290344238
0.035198915749788284
0.0
0.0
0.0
0.0
0.0
0.0
0.0
0.0

val_accuracy
0.7162209749221802
0.9291741847991943
0.9364373683929443
0.936792254447937
0.9368601441383362
0.9368601441383362
0.9368601441383362
0.9368601441383362
0.9368601441383362
0.9368601441383362

val_f1_score
0.03292609751224518
0.0011130226776003838
0.0
0.0
0.0
0.0
0.0
0.0
0.0
0.0

val_iou_score
0.016741059720516205
0.000645666616037488
0.0
0.0
0.0
0.0
0.0
0.0
0.0
0.0

val_loss
0.6889499425888062
0.6700342893600464
0.6523733139038086
0.6353667974472046
0.6180909276008606
0.5999300479888916
0.5802105665206909
0.5583580136299133
0.5342124700546265
0.5077939033508301

val_recall
0.0765116885304451
0.0006249615689739585
0.0
0.0
0.0
0.0
0.0
0.0
0.0
0.0

