accuracy
0.890248715877533
0.9343518018722534
0.9343516826629639
0.9343516826629639
0.9343516826629639
0.9343516826629639
0.9343516826629639
0.9343516826629639
0.9343515634536743
0.9343516826629639
0.9343516826629639

loss
0.4218292236328125
0.23298271000385284
0.21442225575447083
0.2046361267566681
0.19685882329940796
0.18992799520492554
0.18936647474765778
0.18519309163093567
0.1850106567144394
0.1807282269001007
0.17672985792160034

val_accuracy
0.9430569410324097
0.9430569410324097
0.9430569410324097
0.9430569410324097
0.9430569410324097
0.9430569410324097
0.9430569410324097
0.9430569410324097
0.9430569410324097
0.9430569410324097
0.9430569410324097

val_loss
1.1070892810821533
0.5415934324264526
1.3596659898757935
3.488650321960449
0.6180636882781982
0.3297145962715149
0.23600053787231445
0.25773298740386963
0.23815999925136566
0.22537562251091003
0.2036777287721634

learning_rate
0.0010000000474974513
0.0010000000474974513
0.0010000000474974513
0.0010000000474974513
0.0010000000474974513
0.0010000000474974513
0.0010000000474974513
0.0010000000474974513
0.0010000000474974513
0.0010000000474974513
0.0005000000237487257

