accuracy
0.6464003324508667
0.8959251642227173
0.9172402620315552
0.9494053721427917
0.9579377174377441
0.9636415839195251
0.9676721096038818
0.9675366282463074
0.9720080494880676
0.9734658002853394

f1_score
0.6305622458457947
0.8903024792671204
0.9008428454399109
0.9447552561759949
0.9519935846328735
0.9589105248451233
0.9639685750007629
0.9630067348480225
0.9689077734947205
0.9703677296638489

iou_score
0.5077440738677979
0.8119862079620361
0.8288847208023071
0.8898395895957947
0.901716411113739
0.9183074235916138
0.9244573712348938
0.9282651543617249
0.9403929114341736
0.941064715385437

loss
0.5893560647964478
0.3587538003921509
0.27005183696746826
0.1848907172679901
0.14134126901626587
0.10801391303539276
0.08950583636760712
0.08519329130649567
0.06748583167791367
0.06495121121406555

recall
0.6792616248130798
0.9506596326828003
0.8462187647819519
0.9738047122955322
0.9387863874435425
0.9549733400344849
0.9734144806861877
0.9511287212371826
0.9817534685134888
0.977949857711792

val_accuracy
0.8985519409179688
0.9166844487190247
0.9483464360237122
0.9404805302619934
0.9427172541618347
0.9467938542366028
0.9417025446891785
0.950463593006134
0.9457664489746094
0.948760986328125

val_f1_score
0.9119682908058167
0.9170774817466736
0.9517984390258789
0.9434582591056824
0.94435715675354
0.9491284489631653
0.9431964159011841
0.9524428248405457
0.9482320547103882
0.9505693912506104

val_iou_score
0.8381818532943726
0.8468543291091919
0.908030092716217
0.892968475818634
0.8945803046226501
0.9031822085380554
0.8924993276596069
0.909203827381134
0.9015602469444275
0.9057954549789429

val_loss
0.34750160574913025
0.26270028948783875
0.1899694949388504
0.19900113344192505
0.1826222538948059
0.17440062761306763
0.18780817091464996
0.15887179970741272
0.19315128028392792
0.1777409315109253

val_recall
0.9834486842155457
0.862237274646759
0.9544463753700256
0.9293516278266907
0.9097422957420349
0.9289209246635437
0.9058228135108948
0.9283568859100342
0.9295848608016968
0.9220528602600098

