accuracy
0.6725615859031677
0.8778680562973022
0.9020644426345825
0.9160336256027222
0.924821138381958
0.9310428500175476
0.9361774325370789
0.9376702904701233
0.942402184009552
0.9455446600914001

f1_score
0.6723354458808899
0.8381375670433044
0.8686090111732483
0.8889179825782776
0.9008551836013794
0.9093447327613831
0.9173538088798523
0.9192488193511963
0.9254472255706787
0.9292140603065491

iou_score
0.53126460313797
0.7223230600357056
0.7674845457077026
0.8002945184707642
0.8192490339279175
0.8339635729789734
0.8468903303146362
0.8501590490341187
0.861090362071991
0.8677753210067749

loss
0.6043835282325745
0.4363909363746643
0.33782967925071716
0.274752140045166
0.2373242825269699
0.2103014886379242
0.19160619378089905
0.18189118802547455
0.1658216118812561
0.15532028675079346

recall
0.8637282252311707
0.8129987716674805
0.8323199152946472
0.8638026118278503
0.8781566023826599
0.8892133831977844
0.9107089638710022
0.9121577739715576
0.9191464185714722
0.9189687371253967

val_accuracy
0.8154686093330383
0.8825125098228455
0.9055555462837219
0.9145124554634094
0.9193888306617737
0.9220296740531921
0.9182019829750061
0.9140712022781372
0.9211087226867676
0.9246591925621033

val_f1_score
0.8089597821235657
0.8668105006217957
0.8870605230331421
0.8954088091850281
0.9014172554016113
0.9047521948814392
0.8934095501899719
0.8858525156974792
0.8972930908203125
0.902812659740448

val_iou_score
0.6974237561225891
0.7796926498413086
0.8086714744567871
0.8208301663398743
0.8301135301589966
0.8354558944702148
0.8127253651618958
0.7991908192634583
0.8182803988456726
0.8283035159111023

val_loss
0.50007164478302
0.3793230652809143
0.3050786554813385
0.26670676469802856
0.2468583881855011
0.23441362380981445
0.2293643057346344
0.23979680240154266
0.21783216297626495
0.20546460151672363

val_recall
0.9691517353057861
0.9483417868614197
0.9200331568717957
0.9077122211456299
0.9141960144042969
0.91859370470047
0.8503434062004089
0.8270905613899231
0.8548359274864197
0.8680351376533508

