loss
3.207379102706909
2.321823835372925
2.2233965396881104
2.215846300125122
2.150738477706909
2.141508102416992
2.160031795501709
2.149456739425659
2.137866735458374
2.140035629272461

disease_segmentation_loss
0.8907715678215027
0.882585346698761
0.8767005801200867
0.8718515634536743
0.8803157210350037
0.8809685111045837
0.8713229894638062
0.875286340713501
0.8752908110618591
0.8840888738632202

disease_classification_loss
4.633215427398682
2.8784773349761963
2.6933913230895996
2.6879889965057373
2.5408458709716797
2.5210793018341064
2.5774173736572266
2.5483410358428955
2.525151491165161
2.5118937492370605

disease_segmentation_accuracy
0.6202850937843323
0.7238887548446655
0.722628116607666
0.7312166094779968
0.7426983118057251
0.7470830082893372
0.7549833059310913
0.7667866349220276
0.7571333050727844
0.7525597214698792

disease_segmentation_mean_io_u
0.4755968749523163
0.47998350858688354
0.4757806658744812
0.47373396158218384
0.48075413703918457
0.4851377308368683
0.48840898275375366
0.4890361428260803
0.48714712262153625
0.48870277404785156

disease_classification_accuracy
0.0338541679084301
0.08423913270235062
0.029891304671764374
0.019021738320589066
0.054347824305295944
0.054347824305295944
0.019021738320589066
0.032608695328235626
0.057065218687057495
0.06521739065647125

val_loss
6.498836517333984
4.58643913269043
2.441958427429199
2.229525566101074
2.180330514907837
2.029491662979126
2.070641279220581
2.077130079269409
2.0175068378448486
2.07220458984375

val_disease_segmentation_loss
0.9179179072380066
0.9241558313369751
0.8968729972839355
0.9071162939071655
0.9110497236251831
0.9056740403175354
0.8842078447341919
0.898256778717041
0.8927716612815857
0.8838334083557129

val_disease_classification_loss
11.161835670471191
7.324566841125488
3.0901710987091064
2.6448190212249756
2.5385618209838867
2.2476348876953125
2.3728668689727783
2.357746124267578
2.2494699954986572
2.376742362976074

val_disease_segmentation_accuracy
0.48077693581581116
0.42186984419822693
0.4985596239566803
0.5759809017181396
0.6250419616699219
0.6600934267044067
0.7268526554107666
0.7541600465774536
0.718936026096344
0.7581053376197815

val_disease_segmentation_mean_io_u
0.370968759059906
0.3366355299949646
0.388534277677536
0.42205122113227844
0.43790239095687866
0.45188769698143005
0.47802844643592834
0.4842122495174408
0.48159492015838623
0.4907519817352295

val_disease_classification_accuracy
0.1041666641831398
0.11764705926179886
0.0882352963089943
0.05882352963089943
0.14705882966518402
0.14705882966518402
0.05882352963089943
0.14705882966518402
0.14705882966518402
0.05882352963089943

lr
0.00103
0.0010600000000000002
0.00109
0.0011200000000000001
0.0011500000000000002
0.0011800000000000003
0.0012100000000000001
0.0012400000000000002
0.0012700000000000003
0.0013000000000000004

