accuracy
0.8456788063049316
0.9279472827911377
0.9279472827911377
0.9279474020004272
0.9279472231864929
0.9279404282569885
0.9278287887573242
0.9293530583381653
0.9301658272743225
0.9337199330329895

binary_crossentropy
0.5154626965522766
0.3035244643688202
0.2524770498275757
0.2237548828125
0.2129097431898117
0.20858004689216614
0.1971905529499054
0.18946383893489838
0.19153669476509094
0.18163324892520905

f1_score
0.08822563290596008
0.0
0.0
0.0
0.0
0.0
0.007875985465943813
0.0627707839012146
0.12269244343042374
0.2124013602733612

loss
0.5154626965522766
0.3035244643688202
0.2524770498275757
0.2237548828125
0.2129097431898117
0.20858004689216614
0.1971905529499054
0.18946383893489838
0.19153669476509094
0.18163324892520905

recall
0.10362225025892258
0.0
0.0
0.0
0.0
0.0
0.003975780215114355
0.032834071666002274
0.06777246296405792
0.12403809279203415

val_accuracy
0.915462851524353
0.915462851524353
0.915462851524353
0.915462851524353
0.915462851524353
0.915462851524353
0.9152382016181946
0.915462851524353
0.915462851524353
0.915462851524353

val_binary_crossentropy
0.3526727855205536
0.39820289611816406
0.3562689423561096
0.3577708601951599
0.30407267808914185
0.31837528944015503
0.3388875126838684
0.3740119934082031
0.32528501749038696
0.35040220618247986

val_f1_score
0.0
0.0
0.0
0.0
0.0
0.0
0.0006193403387442231
0.0
0.0
0.0

val_loss
0.3526727855205536
0.39820289611816406
0.3562689423561096
0.3577708601951599
0.30407267808914185
0.31837528944015503
0.3388875126838684
0.3740119934082031
0.32528501749038696
0.35040220618247986

val_recall
0.0
0.0
0.0
0.0
0.0
0.0
0.00031068603857420385
0.0
0.0
0.0

