accuracy
0.47257718443870544
0.855377197265625
0.761223554611206
0.9425020813941956
0.92474365234375
0.9537700414657593
0.966766357421875
0.96466064453125
0.9692563414573669
0.9747411608695984

f1_score
0.5219722986221313
0.8257784247398376
0.49050915241241455
0.9205916523933411
0.9033374190330505
0.9379377365112305
0.9528230428695679
0.9482806324958801
0.9553990960121155
0.9641161561012268

iou_score
0.35315462946891785
0.7032561302185059
0.32495009899139404
0.852867066860199
0.8237152099609375
0.8831287622451782
0.9098970890045166
0.9016481041908264
0.9146069288253784
0.9307184219360352

loss
0.6886963248252869
0.4909038245677948
0.610318660736084
0.2802529036998749
0.29349982738494873
0.2357025146484375
0.18616628646850586
0.17016664147377014
0.14716015756130219
0.12124326825141907

recall
0.8143526315689087
0.9692987203598022
0.3250584602355957
0.9425675272941589
0.9944764375686646
0.987936794757843
0.9491189122200012
0.9162246584892273
0.9312300682067871
0.9596285820007324

val_accuracy
0.8223864436149597
0.6514770984649658
0.8836342096328735
0.8799507021903992
0.8879088163375854
0.9024778604507446
0.9080268740653992
0.9072710871696472
0.907167911529541
0.9067161679267883

val_f1_score
0.8366891145706177
0.4105096161365509
0.8756726384162903
0.8811627626419067
0.8877050280570984
0.8985956311225891
0.900978147983551
0.8985483646392822
0.8982565999031067
0.8976391553878784

val_iou_score
0.7100710272789001
0.26790881156921387
0.781650960445404
0.7832764387130737
0.7940600514411926
0.8133370280265808
0.8197599649429321
0.8167070150375366
0.8163164854049683
0.8150831460952759

val_loss
0.5178435444831848
0.732175350189209
0.38926440477371216
0.44554024934768677
0.4335485100746155
0.3813943564891815
0.3550434112548828
0.35419827699661255
0.3604455292224884
0.37004101276397705

val_recall
0.9820088744163513
0.2619197368621826
0.8844853043556213
0.960624635219574
0.9562471508979797
0.9326131343841553
0.9030970335006714
0.8863153457641602
0.8844689726829529
0.8828056454658508

