accuracy
0.6243674755096436
0.8249687552452087
0.865382730960846
0.8823426365852356
0.8926742076873779
0.901188313961029
0.9042668342590332
0.9111790657043457
0.914286732673645
0.9180327653884888

f1_score
0.6634198427200317
0.809052586555481
0.846400797367096
0.8609887361526489
0.8704787492752075
0.8804177641868591
0.8853170871734619
0.8942223787307739
0.898298978805542
0.9030635952949524

iou_score
0.5118292570114136
0.6746762990951538
0.730230987071991
0.7532524466514587
0.7697333097457886
0.7868713140487671
0.7945232391357422
0.8084369897842407
0.8146163821220398
0.8235993385314941

loss
0.6661881804466248
0.41881123185157776
0.3225861191749573
0.279877245426178
0.2535158097743988
0.22974315285682678
0.22128967940807343
0.20448842644691467
0.19787973165512085
0.18779703974723816

recall
0.903047502040863
0.882132887840271
0.8738401532173157
0.8574946522712708
0.8494123816490173
0.8530886173248291
0.8630113005638123
0.8715482950210571
0.8760960698127747
0.8806405067443848

val_accuracy
0.3991779088973999
0.40456798672676086
0.44005686044692993
0.4983794093132019
0.5569373369216919
0.6129001975059509
0.655120849609375
0.6922405362129211
0.7261196970939636
0.7529358863830566

val_f1_score
0.5830821990966797
0.585300087928772
0.6004037261009216
0.6263024210929871
0.6545491814613342
0.6842743158340454
0.7088562846183777
0.7317588329315186
0.7541036009788513
0.7722125053405762

val_iou_score
0.4197121262550354
0.42144161462783813
0.4345089793205261
0.46049410104751587
0.4897639751434326
0.5232928991317749
0.5531730651855469
0.5802649259567261
0.608811616897583
0.6334031224250793

val_loss
1.624363660812378
1.8366531133651733
1.6820367574691772
1.4376819133758545
1.2101722955703735
1.041306734085083
0.9107453227043152
0.8087342381477356
0.7180586457252502
0.6521240472793579

val_recall
0.9999967217445374
0.9999086856842041
0.9995499849319458
0.9961290955543518
0.9913884997367859
0.9866275191307068
0.983524739742279
0.9792060256004333
0.9750969409942627
0.9684322476387024

