accuracy
0.5099986791610718
0.5475720763206482
0.6343612670898438
0.7623353600502014
0.8415558338165283
0.8816871643066406
0.8915166258811951
0.908413290977478
0.917243242263794
0.9213506579399109

f1_score
0.6467642188072205
0.6805410385131836
0.724406361579895
0.7977426052093506
0.8518034815788269
0.8840259313583374
0.8923543095588684
0.9074121117591858
0.9153668284416199
0.9186351895332336

iou_score
0.4819069802761078
0.5175840854644775
0.5792418718338013
0.6720184087753296
0.7453644275665283
0.7911266088485718
0.8073716163635254
0.8270728588104248
0.8420535326004028
0.8441053628921509

loss
0.6575067043304443
0.5958185195922852
0.5439504384994507
0.501085638999939
0.4661426544189453
0.430581271648407
0.4098329544067383
0.3782820403575897
0.34842681884765625
0.32803064584732056

recall
0.927132785320282
0.9959834218025208
0.9931816458702087
0.9686935544013977
0.9411120414733887
0.9319650530815125
0.9293245673179626
0.9275699853897095
0.9249574542045593
0.9176245331764221

val_accuracy
0.39060723781585693
0.43314701318740845
0.5273354053497314
0.6226456165313721
0.6820210814476013
0.7178020477294922
0.7450282573699951
0.766851007938385
0.7885618209838867
0.8121116757392883

val_f1_score
0.5463703274726868
0.5641690492630005
0.607877790927887
0.6593728065490723
0.6961950063705444
0.7205994725227356
0.740334689617157
0.756890594959259
0.7739594578742981
0.7931427359580994

val_iou_score
0.3766349256038666
0.3936353921890259
0.4370276629924774
0.4917581379413605
0.5337419509887695
0.5627965331077576
0.5869095921516418
0.6078386902809143
0.6300419569015503
0.6558436751365662

val_loss
0.78487628698349
0.7484785318374634
0.6826720833778381
0.6335760951042175
0.6068502068519592
0.5932594537734985
0.5835528373718262
0.5742076635360718
0.5561261177062988
0.5268107056617737

val_recall
0.9998095631599426
0.9995303750038147
0.9981186985969543
0.9950280785560608
0.9925872683525085
0.9914135932922363
0.9902400374412537
0.9887790083885193
0.9861655235290527
0.9813293218612671

