accuracy
0.5799714922904968
0.6735378503799438
0.8282070755958557
0.8763731718063354
0.8824397921562195
0.8826208114624023
0.8820701241493225
0.8948707580566406
0.9033322930335999
0.9078161716461182

f1_score
0.2306346446275711
0.5033910274505615
0.7745845913887024
0.8534031510353088
0.860977828502655
0.8574537038803101
0.8530578017234802
0.8759884834289551
0.8890290260314941
0.8947117328643799

iou_score
0.131951704621315
0.34099695086479187
0.6341819763183594
0.74363774061203
0.7546671628952026
0.750557005405426
0.7452216148376465
0.7782467007637024
0.7985702753067017
0.8073186874389648

loss
1.7129738330841064
1.1036522388458252
0.4172942638397217
0.29673248529434204
0.2951655983924866
0.26965850591659546
0.2677094340324402
0.24798330664634705
0.2282327115535736
0.2225402593612671

recall
0.1524333655834198
0.3986169695854187
0.7014879584312439
0.8400247097015381
0.8494113087654114
0.8269760608673096
0.8055528402328491
0.8632772564888
0.8924968838691711
0.8990034461021423

val_accuracy
0.4955686032772064
0.4955686032772064
0.4955686032772064
0.4955686032772064
0.49643388390541077
0.5043829083442688
0.5173174142837524
0.5265366435050964
0.5286065936088562
0.5292391180992126

val_f1_score
0.6706808805465698
0.6706808805465698
0.6706808805465698
0.6706808805465698
0.6710668206214905
0.6745152473449707
0.6800100803375244
0.6825107336044312
0.6827852129936218
0.6831691861152649

val_iou_score
0.5010930895805359
0.5010930895805359
0.5010930895805359
0.5010930895805359
0.5015637874603271
0.5054959654808044
0.5119543075561523
0.5146822929382324
0.5149512887001038
0.5154009461402893

val_loss
50.360416412353516
114.51467895507812
300.2995300292969
317.053466796875
308.2518310546875
260.4734802246094
203.43894958496094
159.65139770507812
138.9745330810547
135.8502960205078

val_recall
1.0
1.0
1.0
1.0
1.0
0.9994627833366394
0.9977108836174011
0.9896650314331055
0.9865404367446899
0.9869288206100464

