accuracy
0.5765538215637207
0.7421087026596069
0.8863769769668579
0.9241588711738586
0.9340670704841614
0.9389017224311829
0.9452046751976013
0.9420276880264282
0.945842981338501
0.9511030316352844

binary_crossentropy
4.5810017585754395
0.5525950193405151
0.2670126259326935
0.18534724414348602
0.1558215469121933
0.14296424388885498
0.12756843864917755
0.13536952435970306
0.12336232513189316
0.11212523281574249

f1_score
0.5405247807502747
0.6767648458480835
0.8581480383872986
0.9037808179855347
0.9167454838752747
0.9227596521377563
0.9305725693702698
0.9272570610046387
0.9312239289283752
0.9379876255989075

iou_score
0.6518644690513611
0.6518644690513611
0.6518644690513611
0.6518644690513611
0.6518644690513611
0.6518644690513611
0.6518644690513611
0.6518644690513611
0.6518644690513611
0.6518644690513611

loss
4.5810017585754395
0.5525950193405151
0.2670126259326935
0.18534724414348602
0.1558215469121933
0.14296424388885498
0.12756843864917755
0.13536952435970306
0.12336232513189316
0.11212523281574249

recall
0.6305947303771973
0.6835251450538635
0.8701455593109131
0.9017896056175232
0.9190571308135986
0.9240001440048218
0.9297404289245605
0.9354667067527771
0.9282615184783936
0.9362664222717285

val_accuracy
0.5093472599983215
0.5410572290420532
0.8173760771751404
0.8696096539497375
0.7585220336914062
0.7832673192024231
0.7322283983230591
0.8790483474731445
0.7524502277374268
0.630874514579773

val_binary_crossentropy
0.677467942237854
0.8235717415809631
0.4780329167842865
0.3744010627269745
0.5242561101913452
0.4799552261829376
0.4483771324157715
0.27668407559394836
0.42134377360343933
2.1854653358459473

val_f1_score
0.5970818996429443
0.6219720244407654
0.7692367434501648
0.8320040106773376
0.7288224697113037
0.6732131838798523
0.5037505030632019
0.8546288013458252
0.5898702144622803
0.4927273988723755

val_iou_score
0.6518644690513611
0.6518644690513611
0.6518644690513611
0.6518644690513611
0.6518644690513611
0.6518644690513611
0.6518644690513611
0.6518644690513611
0.6518644690513611
0.6518644690513611

val_loss
0.677467942237854
0.8235717415809631
0.4780329167842865
0.3744010627269745
0.5242561101913452
0.4799552261829376
0.4483771324157715
0.27668407559394836
0.42134377360343933
2.1854653358459473

val_recall
0.9287670254707336
0.9645415544509888
0.777618408203125
0.8248737454414368
0.8290123343467712
0.5703322291374207
0.3472124934196472
0.9082943797111511
0.45479241013526917
0.45798876881599426

