disease_segmentation_accuracy
0.7084456086158752
0.8821703791618347
0.916111409664154
0.9315588474273682
0.9346280694007874
0.9437544941902161
0.9486811757087708
0.9526553750038147
0.9554979801177979
0.9542836546897888

disease_segmentation_binary_crossentropy
0.5499213933944702
0.26925128698349
0.20679408311843872
0.17652973532676697
0.157649964094162
0.14937502145767212
0.1331126093864441
0.12625610828399658
0.11772604286670685
0.11561231315135956

disease_segmentation_f1_score
0.6589983105659485
0.8631864190101624
0.9084581732749939
0.9290053248405457
0.9339916110038757
0.9426500201225281
0.9476588368415833
0.9525041580200195
0.9559083580970764
0.9550709128379822

disease_segmentation_iou_score
0.7869361042976379
0.7869361042976379
0.7869361042976379
0.7869361042976379
0.7869361042976379
0.7869361042976379
0.7869361042976379
0.7869361042976379
0.7869361042976379
0.7869361042976379

disease_segmentation_recall
0.6104238629341125
0.7943574786186218
0.8727142810821533
0.9160481095314026
0.9326079487800598
0.9308577179908752
0.9340916872024536
0.9443976283073425
0.9491360783576965
0.9520540833473206

leaf_segmentation_accuracy
0.3375301957130432
0.5370530486106873
0.740612804889679
0.8702210187911987
0.887999951839447
0.933055579662323
0.9323835968971252
0.944202721118927
0.9444129467010498
0.9431996941566467

leaf_segmentation_binary_crossentropy
0.9031769633293152
0.7612944841384888
0.6227113008499146
0.4919103682041168
0.428310364484787
0.3141067922115326
0.290560245513916
0.22559493780136108
0.2044036090373993
0.20612820982933044

leaf_segmentation_f1_score
0.13783802092075348
0.1912577748298645
0.2792542576789856
0.38392704725265503
0.4091246426105499
0.39595475792884827
0.4146396815776825
0.34643808007240295
0.37438926100730896
0.2977021336555481

leaf_segmentation_recall
0.8582942485809326
0.8746545314788818
0.7862910628318787
0.6131987571716309
0.5821858644485474
0.33877646923065186
0.36896488070487976
0.23518912494182587
0.2616163194179535
0.19379742443561554

loss
1.4530984163284302
1.030545711517334
0.8295053839683533
0.6684401035308838
0.585960328578949
0.4634818136692047
0.4236728549003601
0.35185104608535767
0.32212966680526733
0.3217405080795288

val_disease_segmentation_accuracy
0.5214910507202148
0.6937031745910645
0.7437188029289246
0.7713266015052795
0.8228552341461182
0.8434526920318604
0.8491261005401611
0.8488720059394836
0.8526337146759033
0.8652692437171936

val_disease_segmentation_binary_crossentropy
1.3739149570465088
0.635093092918396
0.5803701877593994
0.5527504682540894
0.4501224458217621
0.3983584940433502
0.39593857526779175
0.39780643582344055
0.38801583647727966
0.34936028718948364

val_disease_segmentation_f1_score
0.675952136516571
0.7666345834732056
0.7977547645568848
0.8163732290267944
0.8531363010406494
0.8681713342666626
0.8725347518920898
0.8724146485328674
0.8753282427787781
0.8850505352020264

val_disease_segmentation_iou_score
0.7869361042976379
0.7869361042976379
0.7869361042976379
0.7869361042976379
0.7869361042976379
0.7869361042976379
0.7869361042976379
0.7869361042976379
0.7869361042976379
0.7869361042976379

val_disease_segmentation_recall
0.9994713068008423
0.9971871972084045
0.9963263869285583
0.9975497722625732
0.998420774936676
0.9948928356170654
0.9945099353790283
0.9946420788764954
0.9939236044883728
0.9919953346252441

val_leaf_segmentation_accuracy
0.6781894564628601
0.8656960129737854
0.8839650750160217
0.8710687756538391
0.869288444519043
0.8501175045967102
0.8424546122550964
0.8645184636116028
0.8888446688652039
0.8921563029289246

val_leaf_segmentation_binary_crossentropy
0.5712069272994995
0.3994847536087036
0.3961983919143677
0.3925076425075531
0.4809461236000061
0.45322185754776
0.4392904043197632
0.4261400103569031
0.3992014527320862
0.38247010111808777

val_leaf_segmentation_f1_score
0.12650948762893677
0.086008720099926
0.015505604445934296
0.0652499720454216
0.0
0.0
0.0
0.0
0.004436888732016087
0.012467793188989162

val_leaf_segmentation_recall
0.21676664054393768
0.06001495569944382
0.0087508549913764
0.04289510101079941
0.0
0.0
0.0
0.0
0.0023706862702965736
0.006507453974336386

val_loss
1.9451218843460083
1.0345778465270996
0.9765685796737671
0.9452581405639648
0.9310685396194458
0.8515803813934326
0.8352289795875549
0.823946475982666
0.7872172594070435
0.731830358505249

