accuracy
0.8104778528213501
0.9042986631393433
0.9042986631393433
0.9042986631393433
0.9042986631393433
0.9042986631393433
0.9042986631393433
0.9042986631393433
0.904298722743988
0.9042986631393433

binary_crossentropy
0.7150450944900513
0.47044071555137634
0.3748992383480072
0.3532659113407135
0.3411169946193695
0.3160189688205719
0.3039900064468384
0.30001300573349
0.28222912549972534
0.2674683928489685

f1_score
0.0027801967225968838
0.0
0.0
0.0
0.0
0.0
0.0
0.0
0.0
0.0

iou_score
0.0
0.0
0.0
0.0
0.0
0.0
0.0
0.0
0.0
0.0

loss
0.7150450944900513
0.47044071555137634
0.3748992383480072
0.3532659113407135
0.3411169946193695
0.3160189688205719
0.3039900064468384
0.30001300573349
0.28222912549972534
0.2674683928489685

recall
0.0027606061194092035
0.0
0.0
0.0
0.0
0.0
0.0
0.0
0.0
0.0

val_accuracy
0.9326456189155579
0.9326456189155579
0.9326456189155579
0.9326456189155579
0.9326456189155579
0.9326456189155579
0.9326456189155579
0.9326456189155579
0.9326456189155579
0.9326456189155579

val_binary_crossentropy
0.5923261046409607
0.30463629961013794
0.3592243492603302
0.29155558347702026
0.2929282486438751
0.27428677678108215
0.26992446184158325
0.27885276079177856
0.2516738772392273
0.24198921024799347

val_f1_score
0.0
0.0
0.0
0.0
0.0
0.0
0.0
0.0
0.0
0.0

val_iou_score
0.0
0.0
0.0
0.0
0.0
0.0
0.0
0.0
0.0
0.0

val_loss
0.5923261046409607
0.30463629961013794
0.3592243492603302
0.29155558347702026
0.2929282486438751
0.27428677678108215
0.26992446184158325
0.27885276079177856
0.2516738772392273
0.24198921024799347

val_recall
0.0
0.0
0.0
0.0
0.0
0.0
0.0
0.0
0.0
0.0

