accuracy
0.7003046870231628
0.9642819166183472
0.9642819166183472
0.9642819166183472
0.9642819166183472
0.9642819762229919
0.9642819762229919
0.9642819166183472
0.9642819762229919
0.9642819166183472

binary_crossentropy
0.6700336933135986
0.4649997353553772
0.22695007920265198
0.21675580739974976
0.26696425676345825
0.23234979808330536
0.1847829967737198
0.17903566360473633
0.193536639213562
0.1902555525302887

f1_score
0.1303360015153885
0.0
0.0
0.0
0.0
0.0
0.0
0.0
0.0
0.0

iou_score
0.0
0.0
0.0
0.0
0.0
0.0
0.0
0.0
0.0
0.0

loss
0.6700336933135986
0.4649997353553772
0.22695007920265198
0.21675580739974976
0.26696425676345825
0.23234979808330536
0.1847829967737198
0.17903566360473633
0.193536639213562
0.1902555525302887

recall
0.6287455558776855
0.0
0.0
0.0
0.0
0.0
0.0
0.0
0.0
0.0

val_accuracy
0.9344702363014221
0.935886561870575
0.935886561870575
0.935886561870575
0.935886561870575
0.935886561870575
0.935886561870575
0.935886561870575
0.935886561870575
0.935886561870575

val_binary_crossentropy
0.5440206527709961
0.3108223080635071
0.29078954458236694
0.40164339542388916
0.3638943135738373
0.2821216285228729
0.24367615580558777
0.24956071376800537
0.2507871687412262
0.23953956365585327

val_f1_score
0.006775069050490856
0.0
0.0
0.0
0.0
0.0
0.0
0.0
0.0
0.0

val_iou_score
0.0
0.0
0.0
0.0
0.0
0.0
0.0
0.0
0.0
0.0

val_loss
0.5440206527709961
0.3108223080635071
0.29078954458236694
0.40164339542388916
0.3638943135738373
0.2821216285228729
0.24367615580558777
0.24956071376800537
0.2507871687412262
0.23953956365585327

val_recall
0.0034859904553741217
0.0
0.0
0.0
0.0
0.0
0.0
0.0
0.0
0.0

