accuracy
0.49603524804115295
0.6550487875938416
0.6342751979827881
0.5262048244476318
0.8096923828125
0.6551734209060669
0.7319132685661316
0.8950814008712769
0.9150208234786987
0.9318826198577881

binary_crossentropy
10.484882354736328
3.3070032596588135
0.6826207637786865
0.6883436441421509
0.607671856880188
0.5051261782646179
0.3899247348308563
0.3132358491420746
0.22322610020637512
0.1845996379852295

f1_score
0.3544929325580597
0.0
0.1416558474302292
0.5910576581954956
0.7314344644546509
0.0007222380372695625
0.3898571729660034
0.8447666764259338
0.8778308033943176
0.9021049737930298

iou_score
0.2912040054798126
0.2912040054798126
0.2912040054798126
0.2912040054798126
0.2912040054798126
0.2912040054798126
0.2912040054798126
0.2912040054798126
0.2912040054798126
0.2912040054798126

loss
10.484882354736328
3.3070032596588135
0.6826207637786865
0.6883436441421509
0.607671856880188
0.5051261782646179
0.3899247348308563
0.3132358491420746
0.22322610020637512
0.1845996379852295

recall
0.40116140246391296
0.0
0.08748626708984375
0.992591917514801
0.7512662410736084
0.0003612494911067188
0.24829143285751343
0.8275930881500244
0.8850624561309814
0.9098436832427979

val_accuracy
0.5003204345703125
0.5005349516868591
0.6103028655052185
0.6676784753799438
0.5005471110343933
0.5244912505149841
0.5831502079963684
0.574465811252594
0.523339033126831
0.5414565205574036

val_binary_crossentropy
6.193527698516846
0.7207176089286804
0.7204534411430359
0.672757625579834
4.093352794647217
16.206541061401367
16.377952575683594
40.21088409423828
116.75630950927734
141.4314422607422

val_f1_score
0.0
0.0009984320495277643
0.6970410346984863
0.6884220838546753
0.0010986279230564833
0.15674659609794617
0.5442937016487122
0.5655752420425415
0.4168912172317505
0.4895778298377991

val_iou_score
0.2912040054798126
0.2912040054798126
0.2912040054798126
0.2912040054798126
0.2912040054798126
0.2912040054798126
0.2912040054798126
0.2912040054798126
0.2912040054798126
0.2912040054798126

val_loss
6.193527698516846
0.7207176089286804
0.7204534411430359
0.672757625579834
4.093352794647217
16.206541061401367
16.377952575683594
40.21088409423828
116.75630950927734
141.4314422607422

val_recall
0.0
0.0004995004856027663
0.8971813917160034
0.7347252368927002
0.0005496686790138483
0.0884457603096962
0.4982030391693115
0.5543560981750488
0.34100541472435
0.44009992480278015

