accuracy
0.14697107672691345
0.596675455570221
0.6605300903320312
0.6691854000091553
0.674379289150238
0.6785252690315247
0.6807093620300293
0.7526159286499023
0.8370696902275085
0.9018293023109436

f1_score
0.055813852697610855
0.11081895977258682
0.12889672815799713
0.13180847465991974
0.13362999260425568
0.13512049615383148
0.13468801975250244
0.08717953413724899
0.019222168251872063
0.026351209729909897

iou_score
0.028708085417747498
0.05865979194641113
0.0688880905508995
0.07055406272411346
0.07159887999296188
0.07245536148548126
0.07220669835805893
0.04557644575834274
0.009704365395009518
0.01335153728723526

loss
0.7304266095161438
0.7175747752189636
0.704987108707428
0.6926738023757935
0.6806923747062683
0.6690968871116638
0.657720685005188
0.6463555097579956
0.6348541378974915
0.6231061220169067

recall
1.0
0.9968511462211609
0.9961514472961426
0.99601149559021
0.99601149559021
0.99601149559021
0.9855853319168091
0.46854662895202637
0.06332656741142273
0.05269050598144531

val_accuracy
0.5057429671287537
0.5708613991737366
0.579835057258606
0.584182858467102
0.5903721451759338
0.6138004660606384
0.683364748954773
0.7569806575775146
0.8108527660369873
0.8533104062080383

val_f1_score
0.17473898828029633
0.19575051963329315
0.19903472065925598
0.19927369058132172
0.19377054274082184
0.17308050394058228
0.15117116272449493
0.14351066946983337
0.14957939088344574
0.15402239561080933

val_iou_score
0.10325448215007782
0.11691342294216156
0.11905993521213531
0.11909286677837372
0.11584657430648804
0.10505636781454086
0.09142661094665527
0.08585330843925476
0.08939047157764435
0.08760890364646912

val_loss
0.7241080403327942
0.7123579978942871
0.7008705735206604
0.6896787285804749
0.6787370443344116
0.6679393649101257
0.657166600227356
0.6462801694869995
0.6351548433303833
0.6236948370933533

val_recall
0.9984304904937744
0.9964975118637085
0.996096670627594
0.9872673749923706
0.9392584562301636
0.771193265914917
0.5379906296730042
0.3884808421134949
0.3173983097076416
0.254795104265213

