accuracy
0.6688241362571716
0.8903823494911194
0.9290336966514587
0.9381923675537109
0.9449849724769592
0.9508626461029053
0.9538382291793823
0.9544102549552917
0.9576965570449829
0.957125723361969

binary_crossentropy
0.6741010546684265
0.3448871076107025
0.20761772990226746
0.16052556037902832
0.13262628018856049
0.11638075113296509
0.10752994567155838
0.10616549104452133
0.09789325296878815
0.09800361841917038

f1_score
0.613978922367096
0.857673168182373
0.9098874926567078
0.9217758178710938
0.9296807050704956
0.9374305605888367
0.9415175914764404
0.9419294595718384
0.9461191892623901
0.9455495476722717

iou_score
0.8772826194763184
0.8772826194763184
0.8772826194763184
0.8772826194763184
0.8772826194763184
0.8772826194763184
0.8772826194763184
0.8772826194763184
0.8772826194763184
0.8772826194763184

loss
0.6741010546684265
0.3448871076107025
0.20761772990226746
0.16052556037902832
0.13262628018856049
0.11638075113296509
0.10752994567155838
0.10616549104452133
0.09789325296878815
0.09800361841917038

recall
0.6690794229507446
0.8390583992004395
0.9101889729499817
0.9251304268836975
0.923883855342865
0.9351168870925903
0.94398033618927
0.9393050074577332
0.9435500502586365
0.9457076787948608

val_accuracy
0.8200236558914185
0.9175758957862854
0.9280053377151489
0.9291507601737976
0.9364632368087769
0.9364943504333496
0.9365311861038208
0.9426155686378479
0.9457599520683289
0.9438859820365906

val_binary_crossentropy
0.4806045591831207
0.27173516154289246
0.21866200864315033
0.19918648898601532
0.1598401963710785
0.1590457260608673
0.16172835230827332
0.1424073725938797
0.13445834815502167
0.14046217501163483

val_f1_score
0.8121920228004456
0.9001299738883972
0.9044418931007385
0.904761016368866
0.9168906211853027
0.9155374765396118
0.9152579307556152
0.9246827960014343
0.9296098351478577
0.9263986945152283

val_iou_score
0.8772826194763184
0.8772826194763184
0.8772826194763184
0.8772826194763184
0.8772826194763184
0.8772826194763184
0.8772826194763184
0.8772826194763184
0.8772826194763184
0.8772826194763184

val_loss
0.4806045591831207
0.27173516154289246
0.21866200864315033
0.19918648898601532
0.1598401963710785
0.1590457260608673
0.16172835230827332
0.1424073725938797
0.13445834815502167
0.14046217501163483

val_recall
0.990822434425354
0.9457151293754578
0.8674597144126892
0.8568217754364014
0.8923360109329224
0.8763154745101929
0.8726510405540466
0.8968693614006042
0.911895215511322
0.8991247415542603

