accuracy
0.5030606389045715
0.510407030582428
0.5635859370231628
0.5440460443496704
0.6684186458587646
0.8359097838401794
0.8542281985282898
0.8891225457191467
0.9145904779434204
0.9234908819198608

f1_score
0.4546162188053131
0.479064404964447
0.3879145681858063
0.6317064166069031
0.6931206583976746
0.7947176098823547
0.8007883429527283
0.8636481165885925
0.8968595266342163
0.9072691798210144

iou_score
0.2406371533870697
0.21105051040649414
0.20305640995502472
0.462018758058548
0.5387815237045288
0.6586806774139404
0.6683246493339539
0.7619621157646179
0.8130875825881958
0.826144814491272

loss
13.992788314819336
1.7129327058792114
0.7140477895736694
0.6776071786880493
0.6568723320960999
0.6172693371772766
0.4757961332798004
0.3111315965652466
0.2213902771472931
0.22012485563755035

recall
0.5095124840736389
0.5538010597229004
0.3401978015899658
0.9619463086128235
0.9211705923080444
0.7813630700111389
0.7207509279251099
0.8638291954994202
0.9135043025016785
0.9207338690757751

val_accuracy
0.5000213384628296
0.499978631734848
0.5340230464935303
0.49613773822784424
0.42396825551986694
0.407553106546402
0.4233461916446686
0.5023500919342041
0.5473556518554688
0.5855295658111572

val_f1_score
0.6666855812072754
0.0
0.6232671141624451
0.5655927658081055
0.36414796113967896
0.2912176251411438
0.4027499258518219
0.5806994438171387
0.62528395652771
0.6997256875038147

val_iou_score
0.5010985136032104
0.0
0.4536355137825012
0.3956800103187561
0.22370654344558716
0.17132706940174103
0.25338131189346313
0.4104950428009033
0.4564644396305084
0.5392200350761414

val_loss
2.1390395164489746
0.849929690361023
0.7376008033752441
0.7538310289382935
0.7296217679977417
0.7444589734077454
0.8137096166610718
0.8692343235015869
0.8377143144607544
1.0327311754226685

val_recall
1.0
0.0
0.7708797454833984
0.6559945940971375
0.32987532019615173
0.24340848624706268
0.38884446024894714
0.6891779899597168
0.7552899718284607
0.9657948017120361

