accuracy
0.8036408424377441
0.9120672345161438
0.912067174911499
0.9120672345161438
0.9120672345161438
0.9120672345161438
0.912067174911499
0.9120672345161438
0.9120672345161438
0.9120672345161438

f1_score
0.0029314702842384577
0.0
0.0
0.0
0.0
0.0
0.0
0.0
0.0
0.0

iou_score
0.0007233535288833082
0.0
0.0
0.0
0.0
0.0
0.0
0.0
0.0
0.0

loss
0.6676763892173767
0.6119861602783203
0.5468346476554871
0.4656681418418884
0.39457592368125916
0.3753800392150879
0.3751029074192047
0.3635559678077698
0.3574780821800232
0.35218217968940735

recall
0.0032827509567141533
0.0
0.0
0.0
0.0
0.0
0.0
0.0
0.0
0.0

val_accuracy
0.947840690612793
0.947840690612793
0.947840690612793
0.947840690612793
0.947840690612793
0.947840690612793
0.947840690612793
0.947840690612793
0.947840690612793
0.947840690612793

val_f1_score
0.0
0.0
0.0
0.0
0.0
0.0
0.0
0.0
0.0
0.0

val_iou_score
0.0
0.0
0.0
0.0
0.0
0.0
0.0
0.0
0.0
0.0

val_loss
0.6231649518013
0.5475504994392395
0.4514136016368866
0.344768762588501
0.271333783864975
0.2545691430568695
0.2510889172554016
0.25316694378852844
0.25262221693992615
0.2438291311264038

val_recall
0.0
0.0
0.0
0.0
0.0
0.0
0.0
0.0
0.0
0.0

