accuracy
0.6513044238090515
0.7592084407806396
0.8512945175170898
0.8670563101768494
0.8701611161231995
0.8788158893585205
0.8789789080619812
0.8848850727081299
0.8907597661018372
0.8945457935333252

f1_score
0.5921506285667419
0.6494405269622803
0.8289542198181152
0.851904034614563
0.8563556671142578
0.8683115839958191
0.8678392767906189
0.8711308836936951
0.8784491419792175
0.8844793438911438

iou_score
0.4479105472564697
0.524368166923523
0.7147136330604553
0.7475510835647583
0.7481873631477356
0.764824628829956
0.7710886597633362
0.7805780172348022
0.7906976342201233
0.7876368761062622

loss
0.9403012990951538
0.5453245639801025
0.3477795124053955
0.29405757784843445
0.3129459321498871
0.2708839774131775
0.25669294595718384
0.24599269032478333
0.23331484198570251
0.24706539511680603

recall
0.5619205236434937
0.49788251519203186
0.7794438600540161
0.8190627098083496
0.828603982925415
0.8485748767852783
0.8456817865371704
0.8287835121154785
0.8402518033981323
0.8552672863006592

val_accuracy
0.36802175641059875
0.36802175641059875
0.36802175641059875
0.36802175641059875
0.36802175641059875
0.36802175641059875
0.36802175641059875
0.36802175641059875
0.374882310628891
0.5960018634796143

val_f1_score
0.5534975528717041
0.5534975528717041
0.5534975528717041
0.5534975528717041
0.5534975528717041
0.5534975528717041
0.5534975528717041
0.5534975528717041
0.5562443137168884
0.5924827456474304

val_iou_score
0.37636852264404297
0.37636852264404297
0.37636852264404297
0.37636852264404297
0.37636852264404297
0.37636852264404297
0.37636852264404297
0.37636852264404297
0.37882232666015625
0.4147354066371918

val_loss
631.5645751953125
105.74967956542969
151.36692810058594
413.222412109375
1325.6263427734375
852.1875
227.7909393310547
68.4771957397461
15.281671524047852
4.119894981384277

val_recall
1.0
1.0
1.0
1.0
1.0
1.0
1.0
1.0
0.9999532699584961
0.7501638531684875

