loss
14.704957962036133
13.471261024475098
13.267050743103027
13.175018310546875
13.081090927124023
12.955841064453125

accuracy
0.2969628870487213
0.8559366464614868
0.9501232504844666
0.9592069387435913
0.9508962631225586
0.9452816247940063

val_loss
13.817273139953613
13.790281295776367
13.749844551086426
13.686999320983887
13.596962928771973
13.492259979248047

val_accuracy
0.18937943875789642
0.043902140110731125
0.043172452598810196
0.043172452598810196
0.043172452598810196
0.04370807483792305

lr
9.999999747378752e-05
9.999999747378752e-05
9.999999747378752e-05
9.999999747378752e-05
9.999999747378752e-05
9.999999747378752e-05

