accuracy
0.7434296011924744
0.9267139434814453
0.9449403882026672
0.9519345164299011
0.9562047719955444
0.9589019417762756
0.9596337676048279
0.9598276615142822
0.9613954424858093
0.9629048705101013

binary_crossentropy
0.5785771012306213
0.20634381473064423
0.13397277891635895
0.11298453062772751
0.1023474782705307
0.09518925100564957
0.09312552958726883
0.09127045422792435
0.08772248774766922
0.08465608954429626

f1_score
0.6748495101928711
0.9016746878623962
0.9270148277282715
0.9364175796508789
0.9419787526130676
0.9454945921897888
0.9465727806091309
0.9465999603271484
0.9489369988441467
0.9508428573608398

iou_score
0.8741832971572876
0.8741832971572876
0.8741832971572876
0.8741832971572876
0.8741832971572876
0.8741832971572876
0.8741832971572876
0.8741832971572876
0.8741832971572876
0.8741832971572876

loss
0.5785771012306213
0.20634381473064423
0.13397277891635895
0.11298453062772751
0.1023474782705307
0.09518925100564957
0.09312552958726883
0.09127045422792435
0.08772248774766922
0.08465608954429626

recall
0.704842746257782
0.8895469307899475
0.9256542921066284
0.9369775652885437
0.941118597984314
0.9436365962028503
0.9466153383255005
0.9425762891769409
0.9495826959609985
0.9497342109680176

val_accuracy
0.9115017652511597
0.897753894329071
0.9081149697303772
0.9296224117279053
0.928234875202179
0.934127151966095
0.9398345947265625
0.9480929970741272
0.9449127316474915
0.9491204023361206

val_binary_crossentropy
0.30086737871170044
0.26227861642837524
0.227758526802063
0.17004387080669403
0.1774597465991974
0.1591653823852539
0.14092716574668884
0.11809498071670532
0.12679682672023773
0.11496154963970184

val_f1_score
0.8841574192047119
0.8624280691146851
0.8788278102874756
0.9038437008857727
0.9003024101257324
0.9096536636352539
0.918304979801178
0.9321133494377136
0.925898015499115
0.9326355457305908

val_iou_score
0.8741832971572876
0.8741832971572876
0.8741832971572876
0.8741832971572876
0.8741832971572876
0.8741832971572876
0.8741832971572876
0.8741832971572876
0.8741832971572876
0.8741832971572876

val_loss
0.30086737871170044
0.26227861642837524
0.227758526802063
0.17004387080669403
0.1774597465991974
0.1591653823852539
0.14092716574668884
0.11809498071670532
0.12679682672023773
0.11496154963970184

val_recall
0.8755649328231812
0.8308688402175903
0.863849401473999
0.8575173616409302
0.8400596380233765
0.8597352504730225
0.8766593933105469
0.9238529801368713
0.8922314643859863
0.9130991101264954

