accuracy
0.45943549275398254
0.8607465624809265
0.9267704486846924
0.9551560878753662
0.9648473858833313
0.9686431288719177
0.9715220928192139
0.9736274480819702
0.9748830199241638
0.9748956561088562

f1_score
0.4795507788658142
0.8234243392944336
0.9057825207710266
0.9436241388320923
0.9576324224472046
0.9634119868278503
0.9676330089569092
0.970591127872467
0.9723122119903564
0.972338855266571

iou_score
0.31144070625305176
0.6947154998779297
0.8247933387756348
0.8937668800354004
0.9195296168327332
0.9297894239425659
0.9372893571853638
0.9428357481956482
0.9459369778633118
0.9462018013000488

loss
0.7963505983352661
0.3436685800552368
0.18538907170295715
0.123624786734581
0.09941873699426651
0.0848451554775238
0.07487523555755615
0.06751217693090439
0.06202113255858421
0.058239202946424484

recall
0.6846613883972168
0.8588000535964966
0.8973623514175415
0.9269996881484985
0.9468739628791809
0.9582422375679016
0.9640526175498962
0.9669703841209412
0.9679144024848938
0.9670107960700989

val_accuracy
0.4589763283729553
0.4590853154659271
0.4593546390533447
0.4598177671432495
0.4602721333503723
0.46076086163520813
0.46070459485054016
0.46062323451042175
0.460807740688324
0.46107664704322815

val_f1_score
0.6375962495803833
0.637643575668335
0.6377606391906738
0.6379619836807251
0.6381596326828003
0.6383724212646484
0.6383479237556458
0.6383125185966492
0.6383928060531616
0.6385099291801453

val_iou_score
0.4608040452003479
0.4608907699584961
0.46107372641563416
0.46132051944732666
0.4615671932697296
0.46178632974624634
0.4617423713207245
0.46169009804725647
0.46174973249435425
0.46184679865837097

val_loss
1.5156829357147217
1.7901440858840942
1.8804590702056885
1.9613103866577148
2.063849687576294
2.182159900665283
2.3076844215393066
2.4265224933624268
2.5250158309936523
2.598043441772461

val_recall
1.0
1.0
1.0
1.0
1.0
1.0
1.0
1.0
1.0
1.0

