accuracy
0.6436424851417542
0.912854015827179
0.8960134983062744
0.9110194444656372
0.9119320511817932
0.9119440913200378
0.9121763706207275

loss
13.984077453613281
13.240422248840332
12.912586212158203
12.571331977844238
12.238563537597656
11.890213012695312
11.543975830078125

val_accuracy
0.08028078824281693
0.5166178345680237
0.3103044331073761
0.4328761696815491
0.14041003584861755
0.08900058269500732
0.0792231336236

val_loss
13.727489471435547
13.427471160888672
13.147368431091309
12.822867393493652
12.551051139831543
12.279221534729004
11.987162590026855

learning_rate
9.999999747378752e-05
9.999999747378752e-05
9.999999747378752e-05
9.999999747378752e-05
9.999999747378752e-05
9.999999747378752e-05
9.999999747378752e-05

