accuracy
0.5277196764945984
0.6095988750457764
0.778009295463562
0.9241105914115906
0.941138505935669
0.9479560256004333
0.9524247646331787
0.9529191851615906
0.956359326839447
0.9586880803108215

f1_score
0.46352529525756836
6.559546454809606e-05
0.615991473197937
0.9047664999961853
0.9252443313598633
0.9332400560379028
0.9391285181045532
0.9397377371788025
0.9441019892692566
0.9470607042312622

iou_score
0.22114351391792297
3.096588625339791e-05
0.4547294080257416
0.8271304368972778
0.8605181574821472
0.8749986886978149
0.8844559788703918
0.8867997527122498
0.8940754532814026
0.8986520767211914

loss
3.2258071899414062
0.5856949090957642
0.38468578457832336
0.1871815323829651
0.14082080125808716
0.12366592884063721
0.11202000826597214
0.1080767959356308
0.10056149959564209
0.09500932693481445

recall
0.5226028561592102
3.279903467046097e-05
0.4560540020465851
0.9233694672584534
0.9330226182937622
0.9317454099655151
0.9400238990783691
0.9402710199356079
0.9439817070960999
0.9465045928955078

val_accuracy
0.5821394324302673
0.5824639201164246
0.8641608357429504
0.678939163684845
0.8012885451316833
0.8050469160079956
0.8404392004013062
0.8951656818389893
0.939285933971405
0.9390347003936768

val_f1_score
0.0
0.009729285724461079
0.8458578586578369
0.435393363237381
0.7347438931465149
0.8023034930229187
0.8368560075759888
0.886508584022522
0.9297928810119629
0.9301870465278625

val_iou_score
0.0
0.004537003580480814
0.7316539883613586
0.2810612916946411
0.58188796043396
0.6630203723907471
0.7185629606246948
0.7956868410110474
0.8700527548789978
0.8699073791503906

val_loss
1.3186509609222412
1.154109239578247
0.4113498330116272
0.5423480272293091
0.577576220035553
0.5007742643356323
0.34186792373657227
0.24364706873893738
0.13933467864990234
0.13740426301956177

val_recall
0.0
0.004908623639494181
0.8919485807418823
0.29625236988067627
0.6586157083511353
0.946691632270813
0.9793649315834045
0.9798558950424194
0.9621291756629944
0.9719780683517456

