accuracy
0.8417877554893494
0.9281010031700134
0.9281008839607239
0.9281007647514343
0.9281010031700134
0.9281008839607239
0.9281010031700134
0.9281008839607239
0.9281010031700134
0.9281010031700134

f1_score
0.1344219297170639
0.0
0.0
0.0
0.0
0.0
0.0
0.0
0.0
0.0

iou_score
0.032645560801029205
0.0
0.0
0.0
0.0
0.0
0.0
0.0
0.0
0.0

loss
0.5568996071815491
0.2922777831554413
0.2591532766819
0.23371216654777527
0.2437976896762848
0.23476119339466095
0.22228996455669403
0.21528708934783936
0.2112063616514206
0.20193853974342346

recall
0.1708640307188034
0.0
0.0
0.0
0.0
0.0
0.0
0.0
0.0
0.0

val_accuracy
0.9343689680099487
0.9343689680099487
0.9343689680099487
0.9343689680099487
0.9343689680099487
0.9343689680099487
0.9343689680099487
0.9343689680099487
0.9343689680099487
0.9343689680099487

val_f1_score
0.0
0.0
0.0
0.0
0.0
0.0
0.0
0.0
0.0
0.0

val_iou_score
0.0
0.0
0.0
0.0
0.0
0.0
0.0
0.0
0.0
0.0

val_loss
0.3033877909183502
0.25540441274642944
0.23921510577201843
0.2870866656303406
0.24629798531532288
0.23795442283153534
0.2425549030303955
0.23274655640125275
0.23166289925575256
0.2268715798854828

val_recall
0.0
0.0
0.0
0.0
0.0
0.0
0.0
0.0
0.0
0.0

