accuracy
0.8883137106895447
0.9361629486083984
0.9361628293991089
0.9361628293991089
0.9361628293991089
0.9361629486083984
0.9361629486083984
0.9361628293991089
0.9361627697944641
0.9361630082130432

f1_score
0.000987933250144124
0.0
0.0
0.0
0.0
0.0
0.0
0.0
0.0
0.0

iou_score
8.234773122239858e-05
0.0
0.0
0.0
0.0
0.0
0.0
0.0
0.0
0.0

loss
0.48176515102386475
0.30936846137046814
0.25163665413856506
0.22209876775741577
0.21434393525123596
0.21243968605995178
0.20966452360153198
0.20585869252681732
0.1980852335691452
0.1994667649269104

recall
0.0008651172975078225
0.0
0.0
0.0
0.0
0.0
0.0
0.0
0.0
0.0

val_accuracy
0.8748847246170044
0.8748847246170044
0.8748847246170044
0.8748847246170044
0.8748847246170044
0.8748847246170044
0.8748847246170044
0.8748847246170044
0.8748847246170044
0.8748847246170044

val_f1_score
0.0
0.0
0.0
0.0
0.0
0.0
0.0
0.0
0.0
0.0

val_iou_score
0.0
0.0
0.0
0.0
0.0
0.0
0.0
0.0
0.0
0.0

val_loss
0.7114877104759216
0.48487070202827454
0.39430564641952515
0.35587596893310547
0.3335205912590027
0.33005908131599426
0.35693833231925964
0.3285762667655945
0.36090052127838135
0.33136722445487976

val_recall
0.0
0.0
0.0
0.0
0.0
0.0
0.0
0.0
0.0
0.0

