accuracy
0.9056256413459778
0.9124578237533569
0.9124578237533569
0.9124578833580017
0.9124578833580017
0.9124578833580017
0.9124578237533569
0.9124578833580017
0.9124578833580017
0.9124578833580017

binary_crossentropy
0.5070671439170837
0.36016198992729187
0.33631208539009094
0.31255850195884705
0.29176706075668335
0.27161502838134766
0.25638335943222046
0.25212231278419495
0.24245288968086243
0.23661068081855774

f1_score
0.0001327547652181238
0.0
0.0
0.0
0.0
0.0
0.0
0.0
0.0
0.0

iou_score
0.0
0.0
0.0
0.0
0.0
0.0
0.0
0.0
0.0
0.0

loss
0.5070671439170837
0.36016198992729187
0.33631208539009094
0.31255850195884705
0.29176706075668335
0.27161502838134766
0.25638335943222046
0.25212231278419495
0.24245288968086243
0.23661068081855774

recall
7.157456275308505e-05
0.0
0.0
0.0
0.0
0.0
0.0
0.0
0.0
0.0

val_accuracy
0.9474517107009888
0.9474517107009888
0.9474517107009888
0.9474517107009888
0.9474517107009888
0.9474517107009888
0.9474517107009888
0.9474517107009888
0.9474517107009888
0.9474517107009888

val_binary_crossentropy
0.25417402386665344
0.2529415190219879
0.22920525074005127
0.2111295908689499
0.19720137119293213
0.19006764888763428
0.1991337686777115
0.2009306401014328
0.1884462833404541
0.2051854133605957

val_f1_score
0.0
0.0
0.0
0.0
0.0
0.0
0.0
0.0
0.0
0.0

val_iou_score
0.0
0.0
0.0
0.0
0.0
0.0
0.0
0.0
0.0
0.0

val_loss
0.25417402386665344
0.2529415190219879
0.22920525074005127
0.2111295908689499
0.19720137119293213
0.19006764888763428
0.1991337686777115
0.2009306401014328
0.1884462833404541
0.2051854133605957

val_recall
0.0
0.0
0.0
0.0
0.0
0.0
0.0
0.0
0.0
0.0

