accuracy
0.5860530734062195
0.8419854640960693
0.9055644273757935
0.9312191605567932
0.9387114644050598
0.9439352750778198
0.9489315748214722
0.9519733786582947
0.9461715221405029
0.9547742009162903

f1_score
0.1559038907289505
0.7738050222396851
0.8828627467155457
0.9129421710968018
0.9216036200523376
0.9284918308258057
0.9342055320739746
0.9385590553283691
0.9312736392021179
0.9418020248413086

iou_score
0.03755740448832512
0.6169348359107971
0.7942434549331665
0.8399869203567505
0.8540321588516235
0.866535484790802
0.8767322301864624
0.8840947151184082
0.8713191747665405
0.8897970914840698

loss
3.834500789642334
0.33787766098976135
0.23001694679260254
0.1669258177280426
0.14702029526233673
0.1347818821668625
0.12237392365932465
0.11364299058914185
0.12394282966852188
0.10595934092998505

recall
0.09812106937170029
0.6937419772148132
0.9134524464607239
0.9256683588027954
0.9246553778648376
0.9342536926269531
0.9305903315544128
0.9415403604507446
0.9360936880111694
0.9392696022987366

val_accuracy
0.5984073877334595
0.6018810868263245
0.6323619484901428
0.627151370048523
0.6557198166847229
0.8158624172210693
0.8980692028999329
0.926028847694397
0.9113341569900513
0.9266386032104492

val_f1_score
0.0
0.017428020015358925
0.1569841355085373
0.13548897206783295
0.26063501834869385
0.715265154838562
0.8777122497558594
0.9104018211364746
0.8961204290390015
0.9117960333824158

val_iou_score
0.0
0.007792131043970585
0.08442177623510361
0.07057652622461319
0.1438407152891159
0.5612054467201233
0.7855445742607117
0.8353460431098938
0.8165561556816101
0.8384586572647095

val_loss
0.8663202524185181
0.8144649267196655
1.3436269760131836
1.0936483144760132
0.5208671689033508
0.36479514837265015
0.2678213119506836
0.1922098696231842
0.21476252377033234
0.18097808957099915

val_recall
0.0
0.008791860193014145
0.0852363333106041
0.07275289297103882
0.1511020064353943
0.5759081244468689
0.9108757972717285
0.9357955455780029
0.952306866645813
0.9441952109336853

