disease_segmentation_accuracy
0.7726807594299316
0.8757861852645874
0.8901072144508362
0.9020479321479797
0.906869649887085
0.9188376665115356
0.9228336215019226
0.9262897968292236
0.931498646736145
0.9338307976722717

disease_segmentation_binary_crossentropy
0.4710240960121155
0.2944973111152649
0.25786176323890686
0.2267082780599594
0.2132013887166977
0.18681088089942932
0.17822615802288055
0.16898755729198456
0.1541217416524887
0.14799611270427704

disease_segmentation_f1_score
0.7430495023727417
0.8464000821113586
0.8698056936264038
0.8845362067222595
0.8912913799285889
0.9057528972625732
0.9120678901672363
0.9157435297966003
0.9222559928894043
0.92612624168396

disease_segmentation_iou_score
0.6710171103477478
0.6710171103477478
0.6710171103477478
0.6710171103477478
0.6710171103477478
0.6710171103477478
0.6710171103477478
0.6710171103477478
0.6710171103477478
0.6710171103477478

disease_segmentation_recall
0.7874097228050232
0.8057817220687866
0.8494139909744263
0.8625361323356628
0.8723168969154358
0.8835769295692444
0.8966893553733826
0.8964501619338989
0.9037906527519226
0.9126672148704529

leaf_segmentation_accuracy
0.6880091428756714
0.9086839556694031
0.9214274883270264
0.9277191162109375
0.9300085306167603
0.9187466502189636
0.9301227331161499
0.931083619594574
0.9336609840393066
0.9337272047996521

leaf_segmentation_binary_crossentropy
0.7015548944473267
0.3552253246307373
0.251234769821167
0.2028784602880478
0.17983078956604004
0.21924594044685364
0.17054994404315948
0.15946102142333984
0.14675520360469818
0.15209008753299713

leaf_segmentation_f1_score
0.3408883512020111
0.5660160779953003
0.5548530220985413
0.5654748678207397
0.5751768946647644
0.5621898770332336
0.5975391268730164
0.6059924364089966
0.6164170503616333
0.6269508600234985

leaf_segmentation_recall
0.7332794666290283
0.529235303401947
0.44129735231399536
0.4310585856437683
0.43615463376045227
0.4696272611618042
0.46698588132858276
0.47401368618011475
0.480053573846817
0.49698394536972046

loss
1.1725789308547974
0.6497226357460022
0.5090965032577515
0.4295867085456848
0.39303216338157654
0.40605682134628296
0.34877610206604004
0.3284485638141632
0.3008769154548645
0.30008620023727417

val_disease_segmentation_accuracy
0.3546288311481476
0.3807886242866516
0.4639078676700592
0.5448246598243713
0.5917596817016602
0.6321496367454529
0.6701515913009644
0.7137321829795837
0.7391385436058044
0.7784436941146851

val_disease_segmentation_binary_crossentropy
3.662541151046753
2.3284740447998047
1.9728469848632812
1.5526920557022095
1.3091548681259155
1.150328278541565
0.9646120071411133
0.8130075335502625
0.7295284867286682
0.5942061543464661

val_disease_segmentation_f1_score
0.5391332507133484
0.5496266484260559
0.5856246948242188
0.6253176331520081
0.6506806015968323
0.6740722060203552
0.6974810361862183
0.726230800151825
0.7444162964820862
0.7731872797012329

val_disease_segmentation_iou_score
0.6710171103477478
0.6710171103477478
0.6710171103477478
0.6710171103477478
0.6710171103477478
0.6710171103477478
0.6710171103477478
0.6710171103477478
0.6710171103477478
0.6710171103477478

val_disease_segmentation_recall
1.0
0.9999715685844421
0.999022364616394
0.9970703125
0.9947602152824402
0.9917579293251038
0.987585186958313
0.9808807969093323
0.9775509238243103
0.9651317596435547

val_leaf_segmentation_accuracy
0.6509305834770203
0.667340099811554
0.7887569665908813
0.9228569269180298
0.9280962347984314
0.9300661683082581
0.930341899394989
0.9304448962211609
0.9306488633155823
0.9308953285217285

val_leaf_segmentation_binary_crossentropy
0.8883737325668335
1.2551237344741821
0.6786980628967285
0.3433869481086731
0.32103344798088074
0.37335067987442017
0.32234567403793335
0.31575122475624084
0.29364895820617676
0.2789342701435089

val_leaf_segmentation_f1_score
0.23101454973220825
0.26960113644599915
0.31647437810897827
0.09306897222995758
0.08482824265956879
0.0002645585627760738
0.002467074431478977
0.006982704624533653
0.017384672537446022
0.036940813064575195

val_leaf_segmentation_recall
0.7029482126235962
0.8097279071807861
0.6332830786705017
0.05553264170885086
0.04691293090581894
0.00013280738494358957
0.0012361302506178617
0.0035079026129096746
0.008793381042778492
0.018948037177324295

val_loss
4.550915241241455
3.5835976600646973
2.6515450477600098
1.8960789442062378
1.630188226699829
1.5236788988113403
1.2869577407836914
1.1287587881088257
1.0231773853302002
0.8731403946876526

