accuracy
0.740498960018158
0.930817723274231
0.9358357787132263
0.9358359575271606
0.9358358979225159
0.9358357787132263
0.9358357787132263
0.9358357787132263
0.9358357787132263
0.9358357787132263

f1_score
0.2625691890716553
0.014817710965871811
0.0
0.0
0.0
0.0
0.0
0.0
0.0
0.0

iou_score
0.1344200074672699
0.005271035712212324
0.0
0.0
0.0
0.0
0.0
0.0
0.0
0.0

loss
0.6618313193321228
0.5146456956863403
0.3456507921218872
0.2960643470287323
0.28670790791511536
0.2751171886920929
0.2739134132862091
0.26659876108169556
0.2595953643321991
0.25503161549568176

recall
0.7200105786323547
0.008108432404696941
0.0
0.0
0.0
0.0
0.0
0.0
0.0
0.0

val_accuracy
0.8063554763793945
0.8212795853614807
0.8212795853614807
0.8212795853614807
0.8212795853614807
0.8212795853614807
0.8212795853614807
0.8212795853614807
0.8212795853614807
0.8212795853614807

val_f1_score
0.04377119615674019
0.0
0.0
0.0
0.0
0.0
0.0
0.0
0.0
0.0

val_iou_score
0.01830662414431572
0.0
0.0
0.0
0.0
0.0
0.0
0.0
0.0
0.0

val_loss
0.6319955587387085
0.5380747318267822
0.529213547706604
0.5731881856918335
0.525359034538269
0.5140088796615601
0.5222615003585815
0.5038242340087891
0.5067517757415771
0.4957743287086487

val_recall
0.02479863353073597
0.0
0.0
0.0
0.0
0.0
0.0
0.0
0.0
0.0

