accuracy
0.7679978013038635
0.929935872554779
0.9466474652290344
0.9530623555183411
0.9567952156066895
0.9582996368408203
0.9610365033149719
0.9616624712944031
0.9631771445274353
0.9636952877044678

f1_score
0.6950966715812683
0.9073862433433533
0.9291038513183594
0.9376728534698486
0.9429096579551697
0.9446626901626587
0.9482067823410034
0.949319064617157
0.9512243270874023
0.9519473314285278

iou_score
0.562406599521637
0.8304417729377747
0.8674439787864685
0.8824942111968994
0.8918211460113525
0.8942829966545105
0.9015572667121887
0.903389036655426
0.9066638350486755
0.9079285264015198

loss
0.5130994319915771
0.19456659257411957
0.1310337483882904
0.1110859289765358
0.10015649348497391
0.0964415892958641
0.08938145637512207
0.0873020589351654
0.08428830653429031
0.08261562138795853

recall
0.700564980506897
0.9092540740966797
0.9261268377304077
0.9353392720222473
0.9451761245727539
0.9429113268852234
0.9448503255844116
0.9511826634407043
0.9511988759040833
0.952644407749176

val_accuracy
0.915509045124054
0.9273149371147156
0.9279649257659912
0.9375250935554504
0.9392327070236206
0.9444369673728943
0.9463419318199158
0.9420294761657715
0.9459214806556702
0.9445627927780151

val_f1_score
0.8952170610427856
0.9025911092758179
0.9024389982223511
0.9171485900878906
0.9186100959777832
0.926408588886261
0.9291659593582153
0.9215731024742126
0.9273812770843506
0.9251264929771423

val_iou_score
0.8170586824417114
0.8258259892463684
0.8247417211532593
0.8501250147819519
0.8517158031463623
0.8658895492553711
0.8708767890930176
0.8574777841567993
0.8677247166633606
0.8635822534561157

val_loss
0.25876232981681824
0.19602704048156738
0.1747303009033203
0.14947468042373657
0.14475087821483612
0.1292336881160736
0.12360793352127075
0.14033494889736176
0.1286151260137558
0.13493552803993225

val_recall
0.9299002289772034
0.8676132559776306
0.8583685755729675
0.890910267829895
0.8835254907608032
0.9010513424873352
0.9067237973213196
0.8775271773338318
0.8896583318710327
0.8823950290679932

