accuracy
0.8456997871398926
0.9173845648765564
0.9173845648765564
0.9173845648765564
0.9173845648765564
0.9173845052719116
0.9173846244812012
0.9173845648765564
0.9173845052719116
0.9173846244812012

f1_score
0.0009324058191850781
0.0
0.0
0.0
0.0
0.0
0.0
0.0
0.0
0.0

iou_score
0.00017960161494556814
0.0
0.0
0.0
0.0
0.0
0.0
0.0
0.0
0.0

loss
0.65264493227005
0.5916910171508789
0.519371509552002
0.4408692419528961
0.38529786467552185
0.3699598014354706
0.36984944343566895
0.3606550991535187
0.3542647361755371
0.34992533922195435

recall
0.0008715828880667686
0.0
0.0
0.0
0.0
0.0
0.0
0.0
0.0
0.0

val_accuracy
0.9309831261634827
0.9309831261634827
0.9309831261634827
0.9309831261634827
0.9309831261634827
0.9309831261634827
0.9309831261634827
0.9309831261634827
0.9309831261634827
0.9309831261634827

val_f1_score
0.0
0.0
0.0
0.0
0.0
0.0
0.0
0.0
0.0
0.0

val_iou_score
0.0
0.0
0.0
0.0
0.0
0.0
0.0
0.0
0.0
0.0

val_loss
0.6095524430274963
0.5333284735679626
0.44299131631851196
0.35258251428604126
0.3036460280418396
0.2962193191051483
0.29201817512512207
0.29017552733421326
0.28969842195510864
0.2862509787082672

val_recall
0.0
0.0
0.0
0.0
0.0
0.0
0.0
0.0
0.0
0.0

