accuracy
0.576522171497345
0.9650595784187317
0.9650595784187317
0.9650595784187317
0.9650595784187317
0.9650595784187317
0.9650595784187317
0.9650595784187317
0.9650595784187317
0.9650595784187317

f1_score
0.12672331929206848
0.0
0.0
0.0
0.0
0.0
0.0
0.0
0.0
0.0

iou_score
0.03413466736674309
0.0
0.0
0.0
0.0
0.0
0.0
0.0
0.0
0.0

loss
0.6436330676078796
0.40777090191841125
0.1903960108757019
0.248174786567688
0.2753041386604309
0.19036802649497986
0.18555009365081787
0.17371618747711182
0.2015056312084198
0.16256922483444214

recall
0.8793816566467285
0.0
0.0
0.0
0.0
0.0
0.0
0.0
0.0
0.0

val_accuracy
0.9436661601066589
0.9436661601066589
0.9436661601066589
0.9436661601066589
0.9436661601066589
0.9436661601066589
0.9436661601066589
0.9436661601066589
0.9436661601066589
0.9436661601066589

val_f1_score
0.0
0.0
0.0
0.0
0.0
0.0
0.0
0.0
0.0
0.0

val_iou_score
0.0
0.0
0.0
0.0
0.0
0.0
0.0
0.0
0.0
0.0

val_loss
0.49321937561035156
0.26663318276405334
0.3271242082118988
0.39499640464782715
0.31901466846466064
0.24503576755523682
0.23497731983661652
0.2428572028875351
0.23123741149902344
0.22518964111804962

val_recall
0.0
0.0
0.0
0.0
0.0
0.0
0.0
0.0
0.0
0.0

