accuracy
0.863709568977356
0.9282058477401733
0.9282059073448181
0.9282059073448181
0.9282059073448181
0.9282059073448181
0.9282058477401733
0.9282101392745972
0.9283478856086731
0.9308573007583618

f1_score
0.005788665264844894
0.0
0.0
0.0
0.0
0.0
0.0
0.00020052323816344142
0.004373698029667139
0.08395086973905563

iou_score
0.0005520199192687869
0.0
0.0
0.0
0.0
0.0
0.0
0.00010100567305926234
0.002064578700810671
0.03918662667274475

loss
0.5044221878051758
0.3074710965156555
0.25455576181411743
0.2260022908449173
0.22172224521636963
0.21299007534980774
0.20359542965888977
0.19752976298332214
0.19066889584064484
0.18522219359874725

recall
0.0055264998227357864
0.0
0.0
0.0
0.0
0.0
0.0
0.00010027571261161938
0.002192114247009158
0.04413003474473953

val_accuracy
0.9148600697517395
0.9148600697517395
0.9148600697517395
0.9148600697517395
0.9148600697517395
0.9148600697517395
0.9148600697517395
0.9148600697517395
0.9148600697517395
0.9136525392532349

val_f1_score
0.0
0.0
0.0
0.0
0.0
0.0
0.0
0.0
0.0
0.012244906276464462

val_iou_score
0.0
0.0
0.0
0.0
0.0
0.0
0.0
0.0
0.0
0.00979011319577694

val_loss
0.3654119372367859
0.3431093096733093
0.3188696801662445
0.3138490319252014
0.29907187819480896
0.34158673882484436
0.3395978510379791
0.30665743350982666
0.31978264451026917
0.32348722219467163

val_recall
0.0
0.0
0.0
0.0
0.0
0.0
0.0
0.0
0.0
0.006286268588155508

