loss
3.1566855907440186
2.2530713081359863
2.2225301265716553
2.184521436691284
2.150118589401245
2.1464896202087402
2.1155130863189697
2.136744499206543
2.1187186241149902
2.1169991493225098

disease_segmentation_loss
0.8836695551872253
0.8804664611816406
0.8751293420791626
0.8690011501312256
0.8740604519844055
0.8825965523719788
0.8657788038253784
0.8800945281982422
0.8661238551139832
0.8798269033432007

disease_classification_loss
4.546031475067139
2.7452094554901123
2.6948020458221436
2.631040573120117
2.5521163940429688
2.5277860164642334
2.4994683265686035
2.5132994651794434
2.5051896572113037
2.4743447303771973

disease_segmentation_accuracy
0.6744237542152405
0.7465227246284485
0.7286772727966309
0.7262066006660461
0.7450555562973022
0.7516098022460938
0.749210000038147
0.740441620349884
0.7314041256904602
0.7379556894302368

disease_segmentation_mean_io_u
0.4835749864578247
0.4873438775539398
0.48677557706832886
0.48673611879348755
0.4853442907333374
0.48732492327690125
0.48585689067840576
0.4827744662761688
0.4826120138168335
0.48581188917160034

disease_classification_accuracy
0.02083333395421505
0.08695652335882187
0.029891304671764374
0.02445652149617672
0.057065218687057495
0.05163043364882469
0.043478261679410934
0.05978260934352875
0.054347824305295944
0.04076087102293968

val_loss
6.112701416015625
3.623046875
2.3861191272735596
2.1954967975616455
2.1084177494049072
2.017906665802002
2.088820457458496
2.063063621520996
1.9958999156951904
2.050016403198242

val_disease_segmentation_loss
0.873481810092926
0.8782142400741577
0.8761909604072571
0.8792349696159363
0.8715018033981323
0.8556851744651794
0.8797926902770996
0.8795876502990723
0.8660764098167419
0.8619964718818665

val_disease_classification_loss
10.478439331054688
5.4896650314331055
3.0198564529418945
2.632523536682129
2.4738314151763916
2.3244431018829346
2.418055772781372
2.3669521808624268
2.2596468925476074
2.37604022026062

val_disease_segmentation_accuracy
0.6798076629638672
0.5167660713195801
0.517081081867218
0.6220447421073914
0.6784802675247192
0.7113932371139526
0.734795093536377
0.6972631812095642
0.7138296961784363
0.7424834966659546

val_disease_segmentation_mean_io_u
0.42499348521232605
0.39928269386291504
0.4153338074684143
0.44711846113204956
0.45671260356903076
0.47465234994888306
0.4717545509338379
0.4786226451396942
0.4835623800754547
0.48331499099731445

val_disease_classification_accuracy
0.1041666641831398
0.14705882966518402
0.14705882966518402
0.05882352963089943
0.14705882966518402
0.14705882966518402
0.05882352963089943
0.14705882966518402
0.14705882966518402
0.05882352963089943

lr
0.00103
0.0010600000000000002
0.00109
0.0011200000000000001
0.0011500000000000002
0.0011800000000000003
0.0012100000000000001
0.0012400000000000002
0.0012700000000000003
0.0013000000000000004

