accuracy
0.5685088634490967
0.7957562804222107
0.8543372750282288
0.8801672458648682
0.8993348479270935
0.9099134802818298
0.9155023694038391
0.9249328374862671
0.928488552570343
0.9318816661834717

f1_score
0.5160491466522217
0.7508991956710815
0.8244458436965942
0.8558623194694519
0.8804214000701904
0.8936716914176941
0.9013057947158813
0.9127649068832397
0.9172088503837585
0.9212118983268738

iou_score
0.3793014883995056
0.614978551864624
0.6929268836975098
0.7375876903533936
0.7835968732833862
0.8050029277801514
0.8173213005065918
0.8350887298583984
0.8401151895523071
0.8480112552642822

loss
0.6739416122436523
0.47000473737716675
0.37948453426361084
0.3108358383178711
0.25752049684524536
0.23073267936706543
0.2136572003364563
0.1902775913476944
0.18366442620754242
0.17378103733062744

recall
0.5830819010734558
0.7648626565933228
0.8352184891700745
0.859480082988739
0.882530152797699
0.8938645720481873
0.9028167724609375
0.910032331943512
0.9126507639884949
0.9140564203262329

val_accuracy
0.5032338500022888
0.46844765543937683
0.4471701681613922
0.4364493191242218
0.43110722303390503
0.4284098446369171
0.42779192328453064
0.42860928177833557
0.4304318130016327
0.4332267642021179

val_f1_score
0.6139726638793945
0.6061801910400391
0.5978030562400818
0.5934553742408752
0.5912838578224182
0.5901563763618469
0.5898870229721069
0.5901775360107422
0.5908737778663635
0.5919961333274841

val_iou_score
0.43404099345207214
0.42597073316574097
0.4177190065383911
0.41353845596313477
0.41149047017097473
0.4104139506816864
0.41015374660491943
0.41040706634521484
0.4110424220561981
0.41212016344070435

val_loss
0.9129820466041565
1.0922070741653442
1.2500452995300293
1.3651446104049683
1.4479506015777588
1.505073070526123
1.5437877178192139
1.5692367553710938
1.5858935117721558
1.5933791399002075

val_recall
0.9554035067558289
0.9895254969596863
0.9944525957107544
0.9959937930107117
0.9966277480125427
0.9967958927154541
0.9967873096466064
0.9965265393257141
0.9961439967155457
0.9957636594772339

