accuracy
0.6959112882614136
0.8679226636886597
0.8943943977355957
0.9110463261604309
0.9206071496009827
0.9299734830856323
0.9354998469352722
0.9379178285598755
0.940748929977417
0.9432646632194519

f1_score
0.67398601770401
0.8163861036300659
0.8520044088363647
0.8780904412269592
0.8909609317779541
0.9042661190032959
0.9130980372428894
0.9161424040794373
0.9200194478034973
0.9231150150299072

iou_score
0.5153039693832397
0.6906143426895142
0.7423888444900513
0.7826922535896301
0.8037556409835815
0.8252431750297546
0.840068519115448
0.8452064394950867
0.8521852493286133
0.8572168350219727

loss
0.6105928421020508
0.46634840965270996
0.35996368527412415
0.2917691469192505
0.2474634200334549
0.21450507640838623
0.19466406106948853
0.18105366826057434
0.16947460174560547
0.15882980823516846

recall
0.838546633720398
0.7833040952682495
0.8109462857246399
0.8546277284622192
0.8653066158294678
0.8822788000106812
0.9039844274520874
0.9046903848648071
0.9091198444366455
0.9086164832115173

val_accuracy
0.851839542388916
0.8793773651123047
0.9087812900543213
0.9191731810569763
0.9230563640594482
0.9264562726020813
0.9260720610618591
0.929099977016449
0.9304437637329102
0.9321742057800293

val_f1_score
0.8221032023429871
0.8608608245849609
0.8880929350852966
0.8956133723258972
0.9007313847541809
0.9050173759460449
0.9017329812049866
0.9067723751068115
0.9084779024124146
0.9111238121986389

val_iou_score
0.7008097767829895
0.757015585899353
0.7987195253372192
0.8111339807510376
0.8198131322860718
0.8271248936653137
0.8220423460006714
0.8304058313369751
0.8329039812088013
0.8373347520828247

val_loss
0.4905341565608978
0.3900952935218811
0.30580201745033264
0.25366145372390747
0.23615892231464386
0.22263768315315247
0.21220076084136963
0.20446789264678955
0.19901010394096375
0.19317463040351868

val_recall
0.8843408823013306
0.963921844959259
0.9350063800811768
0.8956958055496216
0.9017481207847595
0.9050816297531128
0.8762099742889404
0.8906954526901245
0.8917725086212158
0.8980818390846252

