accuracy
0.5739496946334839
0.8284660577774048
0.9007798433303833
0.9225315451622009
0.9352512359619141
0.9410374760627747
0.949090301990509
0.9497972130775452
0.9514496922492981
0.9588421583175659

f1_score
0.23866277933120728
0.7593034505844116
0.8614357113838196
0.8924755454063416
0.9103145003318787
0.9194599390029907
0.9328733086585999
0.9353412985801697
0.9392762184143066
0.9507569670677185

iou_score
0.32141727209091187
0.6209946870803833
0.7232166528701782
0.7525457739830017
0.8363025188446045
0.8344230055809021
0.860344648361206
0.8680695295333862
0.8763085603713989
0.8996878862380981

loss
0.7008869647979736
0.4062710404396057
0.26577258110046387
0.23231160640716553
0.15951243042945862
0.17115609347820282
0.14726059138774872
0.12381333112716675
0.11979959905147552
0.10041647404432297

recall
0.18975520133972168
0.7464255094528198
0.8340252637863159
0.8649515509605408
0.8815387487411499
0.8943648934364319
0.9194164276123047
0.9309746623039246
0.9453185200691223
0.9619452357292175

val_accuracy
0.4984900653362274
0.5003487467765808
0.5310637354850769
0.5790026187896729
0.6078333258628845
0.619124710559845
0.6155183911323547
0.615890383720398
0.6117894053459167
0.6072697639465332

val_f1_score
0.6717188954353333
0.6725404262542725
0.6864480972290039
0.7093234658241272
0.723501443862915
0.7291734218597412
0.7272269129753113
0.7273898124694824
0.7253702282905579
0.7232569456100464

val_iou_score
0.4977289140224457
0.4986557960510254
0.5145723223686218
0.5419334173202515
0.5593656897544861
0.5657563805580139
0.5630651116371155
0.563200056552887
0.5608291029930115
0.55830317735672

val_loss
1.607632040977478
1.7826792001724243
1.546849250793457
1.307363510131836
1.2090579271316528
1.2341804504394531
1.332915186882019
1.4505480527877808
1.5331937074661255
1.5844160318374634

val_recall
0.9997674822807312
0.9997265338897705
0.9989795088768005
0.9975124001502991
0.9948713183403015
0.9935646653175354
0.9934079051017761
0.9932427406311035
0.9939045310020447
0.9950958490371704

