disease_segmentation_accuracy
0.7374970316886902
0.8555116057395935
0.8733086585998535
0.8824082612991333
0.8920933604240417
0.9000802040100098
0.9089776873588562
0.9132978320121765
0.9205658435821533
0.9240656495094299

disease_segmentation_binary_crossentropy
0.6917247772216797
0.35443636775016785
0.2932363450527191
0.26339951157569885
0.2417086362838745
0.22239302098751068
0.2012709528207779
0.19061994552612305
0.17266984283924103
0.1639859825372696

disease_segmentation_f1_score
0.6411194205284119
0.8193949460983276
0.8497784733772278
0.8573324680328369
0.8696860074996948
0.882503867149353
0.8928321003913879
0.8990792632102966
0.9083833694458008
0.9137895107269287

disease_segmentation_iou_score
0.7395536303520203
0.7395536303520203
0.7395536303520203
0.7395536303520203
0.7395536303520203
0.7395536303520203
0.7395536303520203
0.7395536303520203
0.7395536303520203
0.7395536303520203

disease_segmentation_recall
0.5698403120040894
0.7763277292251587
0.8346989750862122
0.8251822590827942
0.8356856107711792
0.8619393110275269
0.8673704266548157
0.8780704140663147
0.8878006935119629
0.8995760679244995

leaf_segmentation_accuracy
0.7874945998191833
0.9164389967918396
0.9189052581787109
0.9188272356987
0.9240065813064575
0.9264119267463684
0.9284139275550842
0.9291211366653442
0.9308318495750427
0.9321404695510864

leaf_segmentation_binary_crossentropy
0.5436595678329468
0.2698601186275482
0.21366575360298157
0.1885402351617813
0.1664278507232666
0.15278659760951996
0.14618650078773499
0.14209847152233124
0.1364976018667221
0.13170038163661957

leaf_segmentation_f1_score
0.3676135241985321
0.5037298202514648
0.4843147397041321
0.5575374364852905
0.4970615804195404
0.5618982315063477
0.6059213280677795
0.5749438405036926
0.5922976732254028
0.6269499063491821

leaf_segmentation_recall
0.5599358677864075
0.38835036754608154
0.3515443205833435
0.4532093405723572
0.3500825762748718
0.42784184217453003
0.4865557551383972
0.43710288405418396
0.4524565637111664
0.5032311081886292

loss
1.2353843450546265
0.6242965459823608
0.5069021582603455
0.45193976163864136
0.4081364572048187
0.37517958879470825
0.3474574089050293
0.3327184021472931
0.30916738510131836
0.29568639397621155

val_disease_segmentation_accuracy
0.35384413599967957
0.35384413599967957
0.35384413599967957
0.35410141944885254
0.38643643260002136
0.5973114371299744
0.7166351675987244
0.7811920046806335
0.8147013783454895
0.8405821919441223

val_disease_segmentation_binary_crossentropy
248.92198181152344
600.2933349609375
263.0395812988281
30.27787208557129
6.590062141418457
1.6581693887710571
0.7984575629234314
0.528957724571228
0.43930548429489136
0.393139123916626

val_disease_segmentation_f1_score
0.5383199453353882
0.5383199453353882
0.5383199453353882
0.5384212136268616
0.5513757467269897
0.6380370259284973
0.7054463028907776
0.7572486400604248
0.7732508778572083
0.7950056195259094

val_disease_segmentation_iou_score
0.7395536303520203
0.7395536303520203
0.7395536303520203
0.7395536303520203
0.7395536303520203
0.7395536303520203
0.7395536303520203
0.7395536303520203
0.7395536303520203
0.7395536303520203

val_disease_segmentation_recall
1.0
1.0
1.0
1.0
0.9997320771217346
0.9352004528045654
0.8882237672805786
0.8857890963554382
0.8205288648605347
0.8001336455345154

val_leaf_segmentation_accuracy
0.03533855453133583
0.03537913039326668
0.06341401487588882
0.060127101838588715
0.8613330125808716
0.5387035012245178
0.7580662965774536
0.873807430267334
0.8872794508934021
0.9216309785842896

val_leaf_segmentation_binary_crossentropy
70.06522369384766
366.4023132324219
170.0706024169922
13.792242050170898
0.3594559133052826
0.9393118023872375
0.48936933279037476
0.31132906675338745
0.2656770348548889
0.1895274817943573

val_leaf_segmentation_f1_score
0.12922491133213043
0.1292298138141632
0.13252964615821838
0.132192000746727
0.15057741105556488
0.21845610439777374
0.31347936391830444
0.34145450592041016
0.41444894671440125
0.265887975692749

val_leaf_segmentation_recall
1.0
1.0
0.9985071420669556
0.9991692304611206
0.17216017842292786
0.874897301197052
0.7230663299560547
0.425319105386734
0.5003271698951721
0.19118203222751617

val_loss
318.9872131347656
966.6956787109375
433.11016845703125
44.07011795043945
6.94951868057251
2.5974810123443604
1.2878267765045166
0.8402867913246155
0.704982578754425
0.5826665759086609

