accuracy
0.9593433141708374
0.9593432545661926
0.9593433141708374
0.9593433141708374
0.9593432545661926
0.9593433141708374
0.9593433141708374
0.9593432545661926
0.9593433141708374
0.9593433141708374

f1_score
0.0
0.0
0.0
0.0
0.0
0.0
0.0
0.0
0.0
0.0

iou_score
0.0
0.0
0.0
0.0
0.0
0.0
0.0
0.0
0.0
0.0

loss
0.6333439350128174
0.603057861328125
0.5709604620933533
0.5369754433631897
0.49863019585609436
0.45817485451698303
0.411602646112442
0.3645121157169342
0.31878185272216797
0.27414971590042114

recall
0.0
0.0
0.0
0.0
0.0
0.0
0.0
0.0
0.0
0.0

val_accuracy
0.9284799098968506
0.9284799098968506
0.9284799098968506
0.9284799098968506
0.9284799098968506
0.9284799098968506
0.9284799098968506
0.9284799098968506
0.9284799098968506
0.9284799098968506

val_f1_score
0.0
0.0
0.0
0.0
0.0
0.0
0.0
0.0
0.0
0.0

val_iou_score
0.0
0.0
0.0
0.0
0.0
0.0
0.0
0.0
0.0
0.0

val_loss
0.6213593482971191
0.5925577878952026
0.5622841119766235
0.5292199850082397
0.4927402138710022
0.4531175494194031
0.41166698932647705
0.37085670232772827
0.3346862196922302
0.30777209997177124

val_recall
0.0
0.0
0.0
0.0
0.0
0.0
0.0
0.0
0.0
0.0

