accuracy
0.7918847799301147
0.8237337470054626
0.8368134498596191
0.845050573348999
0.8552575707435608
0.8688743114471436
0.8799211978912354
0.888958215713501
0.8956818580627441
0.9008668661117554

binary_crossentropy
0.6698347926139832
0.6675500869750977
0.6653178334236145
0.6630244255065918
0.6607021689414978
0.6583665013313293
0.6559385657310486
0.6535031199455261
0.6510456204414368
0.6485055088996887

f1_score
0.0013979838695377111
0.0007547600544057786
0.0005670434911735356
0.0005175095284357667
0.00035335629945620894
0.00023218819114845246
0.00017386613762937486
4.5420343667501584e-05
9.984171811083797e-06
1.051416893460555e-05

iou_score
0.0
0.0
0.0
0.0
0.0
0.0
0.0
0.0
0.0
0.0

loss
0.6698347926139832
0.6675500869750977
0.6653178334236145
0.6630244255065918
0.6607021689414978
0.6583665013313293
0.6559385657310486
0.6535031199455261
0.6510456204414368
0.6485055088996887

recall
0.0016569909639656544
0.0007572270696982741
0.0005265945219434798
0.00045631593093276024
0.000291012751404196
0.00017322188068646938
0.000118780713819433
2.8705338991130702e-05
5.9390358728705905e-06
5.9390358728705905e-06

val_accuracy
0.8444358706474304
0.8622416853904724
0.8705676794052124
0.877507209777832
0.8870669007301331
0.8980902433395386
0.909203827381134
0.9194429516792297
0.9273599982261658
0.9340599179267883

val_binary_crossentropy
0.6641296744346619
0.6612340807914734
0.6583322882652283
0.6554179191589355
0.6524696350097656
0.6494584679603577
0.6463896632194519
0.6432567238807678
0.6400400996208191
0.6367553472518921

val_f1_score
0.00014807356637902558
4.523182360571809e-05
3.877311246469617e-05
3.248488428653218e-05
3.216952973161824e-05
2.715348637138959e-05
2.094285264320206e-05
1.9312468793941662e-05
1.665688250795938e-05
1.573316694702953e-05

val_iou_score
0.0
0.0
0.0
0.0
0.0
0.0
0.0
0.0
0.0
0.0

val_loss
0.6641296744346619
0.6612340807914734
0.6583322882652283
0.6554179191589355
0.6524696350097656
0.6494584679603577
0.6463896632194519
0.6432567238807678
0.6400400996208191
0.6367553472518921

val_recall
0.0002208506193710491
5.977911496302113e-05
4.8155397962545976e-05
3.819221456069499e-05
3.487115100142546e-05
2.6568495741230436e-05
1.826584048103541e-05
1.4944778740755282e-05
1.1623717000475153e-05
9.963186130335089e-06

