accuracy
0.538508951663971
0.7960928082466125
0.8384008407592773
0.8579044342041016
0.8704127073287964
0.8841691613197327
0.8899528980255127
0.8976998329162598
0.9023740291595459
0.9045233130455017

f1_score
0.631304144859314
0.7992438673973083
0.8342111110687256
0.8522347807884216
0.8634771108627319
0.8775122761726379
0.8831483721733093
0.8914718627929688
0.8964686989784241
0.8991077542304993

iou_score
0.47585636377334595
0.6684093475341797
0.7097592949867249
0.7317739725112915
0.7571685314178467
0.7789368629455566
0.7793727517127991
0.8025361895561218
0.8064866065979004
0.8143844604492188

loss
0.7033599615097046
0.4485059380531311
0.3758428692817688
0.33166223764419556
0.2916816174983978
0.26564985513687134
0.2632678151130676
0.23385114967823029
0.2310483753681183
0.2221185714006424

recall
0.8513117432594299
0.8570274710655212
0.8524650931358337
0.8549067378044128
0.8527639508247375
0.8588542342185974
0.8605062961578369
0.8660222291946411
0.869387149810791
0.8730347752571106

val_accuracy
0.3436676859855652
0.34331655502319336
0.3442969024181366
0.3489532768726349
0.3650600016117096
0.39082902669906616
0.4191136956214905
0.4488363564014435
0.47666916251182556
0.5009037256240845

val_f1_score
0.5272939205169678
0.5271591544151306
0.5275372862815857
0.5293135046958923
0.5355960130691528
0.5459994077682495
0.5577969551086426
0.570698082447052
0.5832297801971436
0.5945258736610413

val_iou_score
0.3514917492866516
0.35136547684669495
0.35170745849609375
0.3532751202583313
0.35881102085113525
0.3682155907154083
0.37911102175712585
0.39127975702285767
0.40329113602638245
0.41429653763771057

val_loss
1.3966891765594482
1.7635265588760376
1.8938194513320923
1.9016683101654053
1.8375790119171143
1.7643775939941406
1.6830291748046875
1.6000645160675049
1.5217554569244385
1.438815951347351

val_recall
0.9999948143959045
1.0
0.9999911189079285
0.9998477101325989
0.9994899034500122
0.9990038871765137
0.9980723261833191
0.9968052506446838
0.9951283931732178
0.9932357668876648

