disease_segmentation_accuracy
0.7527870535850525
0.8711088299751282
0.8870475888252258
0.8955531120300293
0.9036820530891418
0.9099586606025696
0.9122090339660645
0.9178290963172913
0.9226637482643127
0.9250261187553406

disease_segmentation_binary_crossentropy
0.5938966870307922
0.2894734740257263
0.25140124559402466
0.23061129450798035
0.21089105308055878
0.19882072508335114
0.1898612380027771
0.17854741215705872
0.16721302270889282
0.16165588796138763

disease_segmentation_f1_score
0.66781085729599
0.8330479264259338
0.8559445738792419
0.8689236640930176
0.8809723258018494
0.8881495594978333
0.8930379748344421
0.8980098962783813
0.9063073992729187
0.9095470309257507

disease_segmentation_iou_score
0.7685014605522156
0.7685014605522156
0.7685014605522156
0.7685014605522156
0.7685014605522156
0.7685014605522156
0.7685014605522156
0.7685014605522156
0.7685014605522156
0.7685014605522156

disease_segmentation_recall
0.6349153518676758
0.7992662191390991
0.8259642124176025
0.8458505272865295
0.8630750179290771
0.8646273612976074
0.8803135752677917
0.8714274764060974
0.8897173404693604
0.8937143683433533

leaf_segmentation_accuracy
0.8658192753791809
0.9296794533729553
0.9332786798477173
0.9338964819908142
0.9359641671180725
0.9373998641967773
0.9374041557312012
0.9393096566200256
0.9385528564453125
0.939784586429596

leaf_segmentation_binary_crossentropy
0.3993556797504425
0.19467349350452423
0.15513202548027039
0.14246243238449097
0.13215434551239014
0.12596654891967773
0.12405254691839218
0.1190464124083519
0.11794058978557587
0.11446581780910492

leaf_segmentation_f1_score
0.323466420173645
0.45880305767059326
0.48211395740509033
0.48862674832344055
0.5363233089447021
0.5626333951950073
0.5394046902656555
0.5803924798965454
0.5573592185974121
0.5730119347572327

leaf_segmentation_recall
0.3578016459941864
0.3322575092315674
0.3465803265571594
0.35123780369758606
0.40581730008125305
0.43551579117774963
0.40180668234825134
0.4511522948741913
0.42064690589904785
0.4378489851951599

loss
0.9932524561882019
0.48414698243141174
0.40653324127197266
0.3730737566947937
0.3430453836917877
0.3247871994972229
0.31391382217407227
0.2975938320159912
0.28515365719795227
0.27612170577049255

val_disease_segmentation_accuracy
0.3808608651161194
0.38394391536712646
0.7904214262962341
0.6936385631561279
0.7695305347442627
0.8267887830734253
0.828035831451416
0.8636888265609741
0.8598982095718384
0.8708219528198242

val_disease_segmentation_binary_crossentropy
234.21444702148438
28.279727935791016
0.5221520662307739
0.6550031900405884
0.5081206560134888
0.399513304233551
0.4074923098087311
0.3119918406009674
0.3152896761894226
0.2819477915763855

val_disease_segmentation_f1_score
0.5665035843849182
0.5677582025527954
0.7507189512252808
0.39449605345726013
0.6019999980926514
0.750572919845581
0.7846112847328186
0.8301557898521423
0.8246544003486633
0.8406484127044678

val_disease_segmentation_iou_score
0.7685014605522156
0.7685014605522156
0.7685014605522156
0.7685014605522156
0.7685014605522156
0.7685014605522156
0.7685014605522156
0.7685014605522156
0.7685014605522156
0.7685014605522156

val_disease_segmentation_recall
1.0
1.0
0.7673825621604919
0.2514794170856476
0.43812504410743713
0.6436677575111389
0.7619860768318176
0.8024459481239319
0.7960419654846191
0.8198263645172119

val_leaf_segmentation_accuracy
0.9128401875495911
0.676516592502594
0.5181349515914917
0.8825972080230713
0.8891888856887817
0.9076271057128906
0.9076554179191589
0.9050602912902832
0.9140244126319885
0.9153167009353638

val_leaf_segmentation_binary_crossentropy
3.5777792930603027
0.9361052513122559
0.8767138719558716
0.3153379261493683
0.2535448670387268
0.21521632373332977
0.20567497611045837
0.1988212615251541
0.17594443261623383
0.16730931401252747

val_leaf_segmentation_f1_score
0.0
0.10722164809703827
0.23970991373062134
0.3683512806892395
0.28953397274017334
0.29089152812957764
0.29981938004493713
0.44321027398109436
0.3820969760417938
0.2154432088136673

val_leaf_segmentation_recall
0.0
0.21669377386569977
0.8102794885635376
0.3504641056060791
0.2385958731174469
0.20126186311244965
0.20924288034439087
0.3751812279224396
0.27445459365844727
0.1274508833885193

val_loss
237.79220581054688
29.215829849243164
1.3988659381866455
0.9703410863876343
0.7616654634475708
0.6147295832633972
0.6131672859191895
0.5108131170272827
0.49123415350914
0.44925713539123535

