accuracy
0.8440333604812622
0.9176451563835144
0.9176450967788696
0.9176450967788696
0.9176450967788696
0.9176450967788696
0.9176452159881592
0.9176452159881592
0.9176450967788696
0.9176813364028931

f1_score
0.13537214696407318
0.0
0.0
0.0
0.0
0.0
0.0
0.0
0.0
0.0008803500677458942

iou_score
0.01889762282371521
0.0
0.0
0.0
0.0
0.0
0.0
0.0
0.0
0.00039295610622502863

loss
0.6195155382156372
0.3963339626789093
0.30591803789138794
0.2683066725730896
0.2409968376159668
0.2333158254623413
0.23658837378025055
0.2270415723323822
0.22195664048194885
0.21571572124958038

recall
0.1482561230659485
0.0
0.0
0.0
0.0
0.0
0.0
0.0
0.0
0.00044036892359144986

val_accuracy
0.9307237267494202
0.9307237267494202
0.9307237267494202
0.9307237267494202
0.9307237267494202
0.9307237267494202
0.9307237267494202
0.9307237267494202
0.9307237267494202
0.9307237267494202

val_f1_score
0.0
0.0
0.0
0.0
0.0
0.0
0.0
0.0
0.0
0.0

val_iou_score
0.0
0.0
0.0
0.0
0.0
0.0
0.0
0.0
0.0
0.0

val_loss
0.3141253888607025
0.2942512333393097
0.27629727125167847
0.2474375069141388
0.23912183940410614
0.25661906599998474
0.23808304965496063
0.2398190200328827
0.24808570742607117
0.23933196067810059

val_recall
0.0
0.0
0.0
0.0
0.0
0.0
0.0
0.0
0.0
0.0

