accuracy
0.8683139681816101
0.9243389964103699
0.9301341772079468
0.9309395551681519
0.9348687529563904
0.9282556176185608
0.9337767958641052
0.9363969564437866
0.9327599406242371
0.937184751033783
0.9353046417236328
0.9373953938484192

loss
13.431722640991211
12.911208152770996
12.429604530334473
11.947479248046875
11.44060230255127
10.959463119506836
10.471781730651855
10.002137184143066
9.543856620788574
9.088616371154785
8.68623161315918
8.320366859436035

val_accuracy
0.14050206542015076
0.6869770884513855
0.6869770884513855
0.7056076526641846
0.736707866191864
0.9346185326576233
0.9346346259117126
0.9346346259117126
0.9346346259117126
0.9346346259117126
0.9346346259117126
0.9346346259117126

val_loss
13.571276664733887
13.09859848022461
12.630398750305176
12.118741989135742
11.616231918334961
11.090051651000977
10.560192108154297
10.090657234191895
9.623058319091797
9.160557746887207
8.74087905883789
8.335235595703125

learning_rate
9.999999747378752e-05
9.999999747378752e-05
9.999999747378752e-05
9.999999747378752e-05
9.999999747378752e-05
9.999999747378752e-05
9.999999747378752e-05
9.999999747378752e-05
9.999999747378752e-05
9.999999747378752e-05
9.048374340636656e-05
8.187307685147971e-05

