accuracy
0.7552075386047363
0.9139262437820435
0.9355542659759521
0.9449619650840759
0.9512748718261719
0.9535082578659058
0.9552477598190308
0.9548614025115967
0.9567263722419739
0.9571067690849304

binary_crossentropy
0.5275305509567261
0.25745752453804016
0.17580117285251617
0.13834424316883087
0.11736338585615158
0.10954497754573822
0.10428805649280548
0.10436280071735382
0.0994199588894844
0.09803997725248337

f1_score
0.7131850719451904
0.8882224559783936
0.9178517460823059
0.9299486875534058
0.938233494758606
0.9411518573760986
0.9435105919837952
0.9426928162574768
0.9450079798698425
0.9457192420959473

iou_score
0.8493282198905945
0.8493282198905945
0.8493282198905945
0.8493282198905945
0.8493282198905945
0.8493282198905945
0.8493282198905945
0.8493282198905945
0.8493282198905945
0.8493282198905945

loss
0.5275305509567261
0.25745752453804016
0.17580117285251617
0.13834424316883087
0.11736338585615158
0.10954497754573822
0.10428805649280548
0.10436280071735382
0.0994199588894844
0.09803997725248337

recall
0.7697325944900513
0.8649275898933411
0.9105634689331055
0.9239484667778015
0.9359501004219055
0.9402515888214111
0.9452276229858398
0.9389681816101074
0.940375804901123
0.9450315237045288

val_accuracy
0.9067488312721252
0.9268622994422913
0.9352487325668335
0.9364046454429626
0.934621274471283
0.9291642308235168
0.9343490600585938
0.9418882727622986
0.9455145597457886
0.9459689855575562

val_binary_crossentropy
0.30101731419563293
0.2248927652835846
0.18039892613887787
0.16273927688598633
0.16885535418987274
0.1988419145345688
0.17878185212612152
0.14870300889015198
0.13497623801231384
0.1317501813173294

val_f1_score
0.8789325952529907
0.9018416404724121
0.9086246490478516
0.9094945788383484
0.9059052467346191
0.8955321907997131
0.9039927124977112
0.9175458550453186
0.9243472218513489
0.9244318604469299

val_iou_score
0.8493282198905945
0.8493282198905945
0.8493282198905945
0.8493282198905945
0.8493282198905945
0.8493282198905945
0.8493282198905945
0.8493282198905945
0.8493282198905945
0.8493282198905945

val_loss
0.30101731419563293
0.2248927652835846
0.18039892613887787
0.16273927688598633
0.16885535418987274
0.1988419145345688
0.17878185212612152
0.14870300889015198
0.13497623801231384
0.1317501813173294

val_recall
0.9356080293655396
0.9286580681800842
0.8898470997810364
0.8832070827484131
0.869892418384552
0.8391950130462646
0.8543055057525635
0.8936973214149475
0.9200313091278076
0.9134635925292969

