accuracy
0.721907377243042
0.963729739189148
0.9637296199798584
0.9637296199798584
0.9637296199798584
0.9637296199798584
0.963729739189148
0.963729739189148
0.963729739189148
0.9637296199798584

f1_score
0.19088485836982727
0.0
0.0
0.0
0.0
0.0
0.0
0.0
0.0
0.0

iou_score
0.05333824083209038
0.0
0.0
0.0
0.0
0.0
0.0
0.0
0.0
0.0

loss
0.7251474857330322
0.3582313060760498
0.1582871973514557
0.2307756096124649
0.22152328491210938
0.14522777497768402
0.17388635873794556
0.13872399926185608
0.14277955889701843
0.16841880977153778

recall
0.9044186472892761
0.0
0.0
0.0
0.0
0.0
0.0
0.0
0.0
0.0

val_accuracy
0.9442362189292908
0.9442362189292908
0.9442362189292908
0.9442362189292908
0.9442362189292908
0.9442362189292908
0.9442362189292908
0.9442362189292908
0.9442362189292908
0.9442362189292908

val_f1_score
0.0
0.0
0.0
0.0
0.0
0.0
0.0
0.0
0.0
0.0

val_iou_score
0.0
0.0
0.0
0.0
0.0
0.0
0.0
0.0
0.0
0.0

val_loss
0.39268526434898376
0.24273662269115448
0.4555758237838745
0.24601483345031738
0.2289188951253891
0.2461003065109253
0.21798299252986908
0.2145417481660843
0.22639960050582886
0.21274040639400482

val_recall
0.0
0.0
0.0
0.0
0.0
0.0
0.0
0.0
0.0
0.0

