accuracy
0.8041046261787415
0.9284513592720032
0.9284513592720032
0.9284513592720032
0.9284513592720032
0.9284513592720032
0.9284513592720032
0.9284513592720032
0.9284513592720032
0.9284512400627136

binary_crossentropy
0.482011079788208
0.2937783896923065
0.2765451669692993
0.2646853029727936
0.2451738566160202
0.22450217604637146
0.21808664500713348
0.2110748589038849
0.20288333296775818
0.19882270693778992

f1_score
0.1351572573184967
0.0
0.0
0.0
0.0
0.0
0.0
0.0
0.0
0.0

iou_score
0.0
0.0
0.0
0.0
0.0
0.0
0.0
0.0
0.0
0.0

loss
0.482011079788208
0.2937783896923065
0.2765451669692993
0.2646853029727936
0.2451738566160202
0.22450217604637146
0.21808664500713348
0.2110748589038849
0.20288333296775818
0.19882270693778992

recall
0.2139415144920349
0.0
0.0
0.0
0.0
0.0
0.0
0.0
0.0
0.0

val_accuracy
0.933559000492096
0.933559000492096
0.933559000492096
0.933559000492096
0.933559000492096
0.933559000492096
0.933559000492096
0.933559000492096
0.933559000492096
0.933559000492096

val_binary_crossentropy
0.31430989503860474
0.2805038392543793
0.2671223282814026
0.2668057382106781
0.25165557861328125
0.23752517998218536
0.24165673553943634
0.23096227645874023
0.2299635410308838
0.2426801174879074

val_f1_score
0.0
0.0
0.0
0.0
0.0
0.0
0.0
0.0
0.0
0.0

val_iou_score
0.0
0.0
0.0
0.0
0.0
0.0
0.0
0.0
0.0
0.0

val_loss
0.31430989503860474
0.2805038392543793
0.2671223282814026
0.2668057382106781
0.25165557861328125
0.23752517998218536
0.24165673553943634
0.23096227645874023
0.2299635410308838
0.2426801174879074

val_recall
0.0
0.0
0.0
0.0
0.0
0.0
0.0
0.0
0.0
0.0

