accuracy
0.14621755480766296
0.9659922122955322
0.9659922122955322
0.9659922122955322
0.9659922122955322
0.9659922122955322
0.9659922122955322
0.9659920930862427
0.9659922122955322
0.9659922122955322

binary_crossentropy
0.6723275780677795
0.5008520483970642
0.2527846097946167
0.20984996855258942
0.21911445260047913
0.24652060866355896
0.20424263179302216
0.15268895030021667
0.18158021569252014
0.17288734018802643

f1_score
0.0660916194319725
0.0
0.0
0.0
0.0
0.0
0.0
0.0
0.0
0.0

iou_score
0.0
0.0
0.0
0.0
0.0
0.0
0.0
0.0
0.0
0.0

loss
0.6723275780677795
0.5008520483970642
0.2527846097946167
0.20984996855258942
0.21911445260047913
0.24652060866355896
0.20424263179302216
0.15268895030021667
0.18158021569252014
0.17288734018802643

recall
0.8883429169654846
0.0
0.0
0.0
0.0
0.0
0.0
0.0
0.0
0.0

val_accuracy
0.9432665705680847
0.9432665705680847
0.9432665705680847
0.9432665705680847
0.9432665705680847
0.9432665705680847
0.9432665705680847
0.9432665705680847
0.9432665705680847
0.9432665705680847

val_binary_crossentropy
0.5671809315681458
0.35431763529777527
0.24453485012054443
0.3589300215244293
0.36788079142570496
0.29958000779151917
0.2394166737794876
0.2304248958826065
0.23877649009227753
0.23206205666065216

val_f1_score
0.0
0.0
0.0
0.0
0.0
0.0
0.0
0.0
0.0
0.0

val_iou_score
0.0
0.0
0.0
0.0
0.0
0.0
0.0
0.0
0.0
0.0

val_loss
0.5671809315681458
0.35431763529777527
0.24453485012054443
0.3589300215244293
0.36788079142570496
0.29958000779151917
0.2394166737794876
0.2304248958826065
0.23877649009227753
0.23206205666065216

val_recall
0.0
0.0
0.0
0.0
0.0
0.0
0.0
0.0
0.0
0.0

