accuracy
0.5447415709495544
0.8738911151885986
0.9091234803199768
0.9224674701690674
0.930188000202179
0.9345295429229736
0.9414107799530029
0.9429005980491638
0.9449124932289124
0.9478164315223694

f1_score
0.44942018389701843
0.8430019617080688
0.8869116306304932
0.9042325615882874
0.9150066375732422
0.9218419194221497
0.9317227005958557
0.9348836541175842
0.9379485249519348
0.9417635202407837

iou_score
0.4191629886627197
0.7308322191238403
0.7957670092582703
0.8235970735549927
0.845669686794281
0.8557493090629578
0.8715876340866089
0.8770267367362976
0.8788408041000366
0.8878061175346375

loss
0.5998038053512573
0.2914223074913025
0.20278649032115936
0.17475131154060364
0.1548311859369278
0.14362971484661102
0.13146182894706726
0.12584419548511505
0.12263844907283783
0.11354459822177887

recall
0.47592276334762573
0.8281365036964417
0.8584434986114502
0.8753122091293335
0.8885645866394043
0.9013746380805969
0.915443480014801
0.9252289533615112
0.9304287433624268
0.9348862171173096

val_accuracy
0.38833850622177124
0.3878573775291443
0.38906484842300415
0.3902098834514618
0.3925151526927948
0.39831236004829407
0.40838488936424255
0.4226702153682709
0.44445720314979553
0.4632524847984314

val_f1_score
0.5742382407188416
0.5740414261817932
0.5745356678962708
0.5750053524971008
0.5759533643722534
0.5783478021621704
0.5824885964393616
0.5883380174636841
0.5975081324577332
0.6055817008018494

val_iou_score
0.3949938118457794
0.39482367038726807
0.3952770531177521
0.39572378993034363
0.39661890268325806
0.39885568618774414
0.40275782346725464
0.4083910584449768
0.41717293858528137
0.425101101398468

val_loss
3.164191722869873
4.042853355407715
4.268246650695801
4.265303611755371
4.105175971984863
3.910684823989868
3.6833786964416504
3.4612512588500977
3.26277756690979
3.1152830123901367

val_recall
0.9999995231628418
1.0
0.9999986290931702
0.999997615814209
0.9999961256980896
0.9999769330024719
0.9996953010559082
0.9987968802452087
0.9973832964897156
0.9958003759384155

