disease_segmentation_accuracy
0.6479902863502502
0.8871541619300842
0.9093014001846313
0.931006133556366
0.9426361918449402
0.943447470664978
0.9565120935440063
0.9569306373596191
0.9531302452087402
0.9609742760658264

disease_segmentation_binary_crossentropy
0.6191437244415283
0.26958537101745605
0.21136654913425446
0.16434897482395172
0.14108692109584808
0.14457371830940247
0.11137229949235916
0.10689292103052139
0.11058194190263748
0.10089317709207535

disease_segmentation_f1_score
0.6804778575897217
0.8756862878799438
0.9001293778419495
0.9250828623771667
0.9404618144035339
0.94215989112854
0.9560748934745789
0.9560291171073914
0.9518672227859497
0.9606660604476929

disease_segmentation_iou_score
0.7035065293312073
0.7035065293312073
0.7035065293312073
0.7035065293312073
0.7035065293312073
0.7035065293312073
0.7035065293312073
0.7035065293312073
0.7035065293312073
0.7035065293312073

disease_segmentation_recall
0.8173561692237854
0.8469582200050354
0.8697580695152283
0.896499514579773
0.9269818663597107
0.9360743761062622
0.9452317953109741
0.942061185836792
0.9390453100204468
0.9472617506980896

leaf_segmentation_accuracy
0.7858777642250061
0.8662562370300293
0.8798502683639526
0.9331049919128418
0.9271751642227173
0.9403364062309265
0.9514073133468628
0.9495947957038879
0.9507730603218079
0.9553460478782654

leaf_segmentation_binary_crossentropy
0.5216946601867676
0.4495296776294708
0.3955722749233246
0.3447599411010742
0.304821252822876
0.27081504464149475
0.24241018295288086
0.22016477584838867
0.20469103753566742
0.1858602911233902

leaf_segmentation_f1_score
0.18323105573654175
0.3303120732307434
0.3921552896499634
0.4499206840991974
0.5036018490791321
0.5137070417404175
0.4993450939655304
0.5235579013824463
0.5445497632026672
0.49876320362091064

leaf_segmentation_recall
0.42677736282348633
0.5656672120094299
0.6536739468574524
0.45828402042388916
0.5960831642150879
0.5147663950920105
0.40488386154174805
0.45312637090682983
0.4767420291900635
0.3744237422943115

loss
1.140838384628296
0.7191150188446045
0.6069388389587402
0.5091089606285095
0.44590815901756287
0.41538873314857483
0.3537825047969818
0.32705768942832947
0.3152729570865631
0.28675350546836853

val_disease_segmentation_accuracy
0.46884414553642273
0.47819456458091736
0.4983330965042114
0.5021446943283081
0.511563777923584
0.5472796559333801
0.6228387355804443
0.6770151853561401
0.702911913394928
0.7180973291397095

val_disease_segmentation_binary_crossentropy
2.2541918754577637
1.8816254138946533
1.6303379535675049
1.628253698348999
1.5486633777618408
1.414876937866211
1.2444956302642822
1.1336259841918945
1.0712380409240723
1.011122465133667

val_disease_segmentation_f1_score
0.6468506455421448
0.6509692072868347
0.6600202918052673
0.6617618203163147
0.6661049723625183
0.6831048727035522
0.7220421433448792
0.7527364492416382
0.7682704329490662
0.7776640057563782

val_disease_segmentation_iou_score
0.7035065293312073
0.7035065293312073
0.7035065293312073
0.7035065293312073
0.7035065293312073
0.7035065293312073
0.7035065293312073
0.7035065293312073
0.7035065293312073
0.7035065293312073

val_disease_segmentation_recall
1.0
1.0
1.0
1.0
1.0
1.0
0.9998135566711426
0.9993212819099426
0.9985406398773193
0.9979985952377319

val_leaf_segmentation_accuracy
0.842111349105835
0.8659706711769104
0.9094979763031006
0.9072912931442261
0.9057335257530212
0.9043023586273193
0.8935004472732544
0.8835416436195374
0.8800046443939209
0.8780365586280823

val_leaf_segmentation_binary_crossentropy
0.5373551845550537
0.47879815101623535
0.6606929302215576
0.6648446917533875
0.6793015003204346
0.9136974811553955
0.904292106628418
0.8455361127853394
0.8901814222335815
0.9016857147216797

val_leaf_segmentation_f1_score
0.05454522371292114
0.0820583701133728
0.0007824877393431962
0.0
0.0
0.0
0.0
0.0
0.0
0.0

val_leaf_segmentation_recall
0.050516776740550995
0.06628220528364182
0.0003994407888967544
0.0
0.0
0.0
0.0
0.0
0.0
0.0

val_loss
2.7915472984313965
2.3604235649108887
2.2910308837890625
2.293098211288452
2.2279648780822754
2.3285744190216064
2.1487877368927
1.9791620969772339
1.9614193439483643
1.9128081798553467

