disease_segmentation_accuracy
0.7264111042022705
0.8577888607978821
0.884024977684021
0.8957557082176208
0.9080104231834412
0.9129822850227356
0.920450747013092
0.9267798662185669
0.9264781475067139
0.9274840354919434

disease_segmentation_binary_crossentropy
0.5110153555870056
0.29960569739341736
0.2652377188205719
0.23867711424827576
0.21178047358989716
0.20488695800304413
0.18093273043632507
0.16940072178840637
0.17912070453166962
0.1647748053073883

disease_segmentation_f1_score
0.6499322056770325
0.8333829641342163
0.8750519752502441
0.8897475004196167
0.9022334814071655
0.9095379114151001
0.9182072877883911
0.9242319464683533
0.9248009920120239
0.9267554879188538

disease_segmentation_iou_score
0.511506974697113
0.511506974697113
0.511506974697113
0.511506974697113
0.511506974697113
0.511506974697113
0.511506974697113
0.511506974697113
0.511506974697113
0.511506974697113

disease_segmentation_recall
0.5578595995903015
0.7657498717308044
0.8544514179229736
0.8748830556869507
0.8777399659156799
0.895401120185852
0.9048054814338684
0.9037500619888306
0.9109660387039185
0.9169843196868896

leaf_segmentation_accuracy
0.5497115850448608
0.8502544164657593
0.9184150099754333
0.9240936040878296
0.9257268905639648
0.9276056885719299
0.9254461526870728
0.9295318722724915
0.9303661584854126
0.9313613176345825

leaf_segmentation_binary_crossentropy
0.8853555917739868
0.5386708974838257
0.3202208876609802
0.24675166606903076
0.20885662734508514
0.1933291107416153
0.1809605360031128
0.18632350862026215
0.16614007949829102
0.1635197103023529

leaf_segmentation_f1_score
0.31612348556518555
0.5285444259643555
0.6071869134902954
0.6081103682518005
0.6083934307098389
0.6170387268066406
0.6431890726089478
0.6287544369697571
0.6052091717720032
0.6274017095565796

leaf_segmentation_recall
0.8754172325134277
0.6868062019348145
0.5238698124885559
0.493971049785614
0.48306185007095337
0.4892101585865021
0.5474066138267517
0.5003395676612854
0.4554802477359772
0.48747196793556213

loss
1.3963708877563477
0.8382765650749207
0.5854585766792297
0.48542875051498413
0.4206371307373047
0.3982160687446594
0.36189326643943787
0.3557242155075073
0.3452607989311218
0.3282944858074188

val_disease_segmentation_accuracy
0.34510284662246704
0.3493100106716156
0.37556636333465576
0.4123990535736084
0.4614856541156769
0.5064021348953247
0.5328556895256042
0.5724316239356995
0.604614794254303
0.6326584219932556

val_disease_segmentation_binary_crossentropy
3.5067710876464844
2.8818979263305664
2.0943655967712402
2.0859360694885254
1.7910476922988892
1.56387460231781
1.4996110200881958
1.2949835062026978
1.144959568977356
1.0303423404693604

val_disease_segmentation_f1_score
0.5291954874992371
0.5308379530906677
0.5412720441818237
0.5565816164016724
0.578296959400177
0.5995924472808838
0.6128355264663696
0.6335912942886353
0.6514737606048584
0.6677306294441223

val_disease_segmentation_iou_score
0.511506974697113
0.511506974697113
0.511506974697113
0.511506974697113
0.511506974697113
0.511506974697113
0.511506974697113
0.511506974697113
0.511506974697113
0.511506974697113

val_disease_segmentation_recall
1.0
1.0
0.9998186230659485
0.9994006156921387
0.9984274506568909
0.9969872832298279
0.9958401322364807
0.9931347966194153
0.9903339147567749
0.9868513345718384

val_leaf_segmentation_accuracy
0.5134258270263672
0.5408941507339478
0.506820559501648
0.6849405765533447
0.800727367401123
0.8398293256759644
0.894862174987793
0.9197421073913574
0.9274415969848633
0.9254631996154785

val_leaf_segmentation_binary_crossentropy
0.8120427131652832
0.93763667345047
1.2208998203277588
0.7299045324325562
0.5324782133102417
0.4816010892391205
0.39642050862312317
0.3622027635574341
0.33653002977371216
0.3417494297027588

val_leaf_segmentation_f1_score
0.18757936358451843
0.2162274420261383
0.2250720113515854
0.265078067779541
0.3141321837902069
0.33840808272361755
0.3393414616584778
0.2875230610370636
0.23167797923088074
0.3518834412097931

val_leaf_segmentation_recall
0.7128240466117859
0.7957217693328857
0.8954100012779236
0.7039985656738281
0.5589179396629333
0.49942925572395325
0.3329051733016968
0.20490606129169464
0.1408531814813614
0.2505497932434082

val_loss
4.318814277648926
3.819533586502075
3.31526517868042
2.815840482711792
2.323525905609131
2.045476198196411
1.8960316181182861
1.6571862697601318
1.4814895391464233
1.3720918893814087

