accuracy
0.5049239993095398
0.7291872501373291
0.8017132878303528
0.9234499335289001
0.9364906549453735
0.9516555666923523
0.9550445675849915
0.9662734866142273
0.9655565619468689
0.9716283082962036

binary_crossentropy
0.9320118427276611
0.5993392467498779
0.5023846626281738
0.3401802182197571
0.27163398265838623
0.2056741565465927
0.16918082535266876
0.12614718079566956
0.1106821596622467
0.08521470427513123

f1_score
0.47113126516342163
0.7108342051506042
0.6648878455162048
0.8998899459838867
0.9218519330024719
0.938991367816925
0.9410507082939148
0.9570206999778748
0.957398533821106
0.9637566804885864

iou_score
0.8138164281845093
0.8138164281845093
0.8138164281845093
0.8138164281845093
0.8138164281845093
0.8138164281845093
0.8138164281845093
0.8138164281845093
0.8138164281845093
0.8138164281845093

loss
0.9320118427276611
0.5993392467498779
0.5023846626281738
0.3401802182197571
0.27163398265838623
0.2056741565465927
0.16918082535266876
0.12614718079566956
0.1106821596622467
0.08521470427513123

recall
0.5600631833076477
0.8453989624977112
0.49960049986839294
0.8738330602645874
0.9513748288154602
0.9449048042297363
0.9113563895225525
0.953686535358429
0.9829842448234558
0.9580683708190918

val_accuracy
0.7271891236305237
0.6701214909553528
0.8662332892417908
0.8976595401763916
0.9020889401435852
0.893890917301178
0.8995653986930847
0.9098531007766724
0.909198522567749
0.9051897525787354

val_binary_crossentropy
0.5724206566810608
0.6145424842834473
0.4233497381210327
0.3610990643501282
0.3399462103843689
0.35976332426071167
0.36365562677383423
0.35184308886528015
0.3715241551399231
0.40338078141212463

val_f1_score
0.7894009351730347
0.5400789380073547
0.8597130179405212
0.9003949761390686
0.9030536413192749
0.8911845088005066
0.8978968262672424
0.9107497930526733
0.9088796973228455
0.9034033417701721

val_iou_score
0.8138164281845093
0.8138164281845093
0.8138164281845093
0.8138164281845093
0.8138164281845093
0.8138164281845093
0.8138164281845093
0.8138164281845093
0.8138164281845093
0.8138164281845093

val_loss
0.5724206566810608
0.6145424842834473
0.4233497381210327
0.3610990643501282
0.3399462103843689
0.35976332426071167
0.36365562677383423
0.35184308886528015
0.3715241551399231
0.40338078141212463

val_recall
0.997084379196167
0.37770876288414
0.7993065714836121
0.9020451903343201
0.8892896771430969
0.8473417162895203
0.8611912727355957
0.8969529271125793
0.8831073045730591
0.8645775318145752

