accuracy
0.9145914912223816
0.9355993866920471
0.935599148273468
0.9355993270874023
0.9355993270874023
0.9355992674827576
0.9355992674827576
0.9355993270874023
0.9355992674827576
0.9355992674827576

f1_score
0.0012338761007413268
0.0
0.0
0.0
0.0
0.0
0.0
0.0
0.0
0.0

iou_score
0.00014419520448427647
0.0
0.0
0.0
0.0
0.0
0.0
0.0
0.0
0.0

loss
0.4027409255504608
0.2881729304790497
0.25926849246025085
0.23093856871128082
0.20908452570438385
0.19699667394161224
0.18926970660686493
0.18391844630241394
0.1850777268409729
0.17873722314834595

recall
0.000819222186692059
0.0
0.0
0.0
0.0
0.0
0.0
0.0
0.0
0.0

val_accuracy
0.8233715295791626
0.8233715295791626
0.8233715295791626
0.8233715295791626
0.8233715295791626
0.8233715295791626
0.8233715295791626
0.8233715295791626
0.8233715295791626
0.8233715295791626

val_f1_score
0.0
0.0
0.0
0.0
0.0
0.0
0.0
0.0
0.0
0.0

val_iou_score
0.0
0.0
0.0
0.0
0.0
0.0
0.0
0.0
0.0
0.0

val_loss
0.5304707288742065
0.5092642307281494
0.5105811357498169
0.4709798991680145
0.4536497890949249
0.46627098321914673
0.4300656020641327
0.5557177066802979
0.4319470226764679
0.4483826160430908

val_recall
0.0
0.0
0.0
0.0
0.0
0.0
0.0
0.0
0.0
0.0

