accuracy
0.7814492583274841
0.8593344688415527
0.8794258236885071
0.8904538750648499
0.9005809426307678
0.9055544137954712
0.9134172201156616
0.9168791770935059
0.9220839738845825
0.9229708909988403

f1_score
0.7351765036582947
0.8282270431518555
0.8493932485580444
0.8628631234169006
0.8763625025749207
0.8829048871994019
0.8930349349975586
0.8980103731155396
0.9052780866622925
0.906319260597229

iou_score
0.584460973739624
0.7051852345466614
0.7371432185173035
0.7579618692398071
0.7793791890144348
0.7903580069541931
0.8072952032089233
0.8152601718902588
0.8273913264274597
0.8284040093421936

loss
0.4679856598377228
0.3205035626888275
0.273847371339798
0.24700139462947845
0.22519612312316895
0.21337682008743286
0.19728323817253113
0.1887543946504593
0.17800068855285645
0.1749110370874405

recall
0.7601344585418701
0.8332635164260864
0.8321132659912109
0.8398128747940063
0.8526738882064819
0.8589980006217957
0.8675786852836609
0.8740308880805969
0.8836425542831421
0.8835143446922302

val_accuracy
0.3845415413379669
0.41470867395401
0.4986248314380646
0.5618401169776917
0.6219351887702942
0.6758061051368713
0.709484875202179
0.7431529760360718
0.7696792483329773
0.7915315628051758

val_f1_score
0.5696943998336792
0.5822691917419434
0.6199530959129333
0.6516728401184082
0.6849597096443176
0.7174829244613647
0.7396248579025269
0.7628155946731567
0.7818872332572937
0.7983390092849731

val_iou_score
0.39415714144706726
0.4065179228782654
0.44381076097488403
0.4780192971229553
0.5157700777053833
0.5534569621086121
0.580493688583374
0.6103091239929199
0.63559889793396
0.6578181982040405

val_loss
1.4014031887054443
1.1866248846054077
1.0281853675842285
0.9582781791687012
0.8625953197479248
0.7737618088722229
0.7326582670211792
0.6660294532775879
0.6078072786331177
0.5620056390762329

val_recall
1.0
0.999976634979248
0.9984217286109924
0.9966451525688171
0.9943417906761169
0.9903164505958557
0.9880086183547974
0.9836724996566772
0.9784185886383057
0.9736258387565613

