accuracy
0.46083933115005493
0.8241053223609924
0.8780670166015625
0.9378639459609985
0.9473047852516174
0.9520474672317505
0.960149884223938
0.9629636406898499
0.9685556888580322
0.9694536924362183

f1_score
0.5212823152542114
0.7871847152709961
0.8292755484580994
0.926231861114502
0.9378482103347778
0.9398946166038513
0.9501765370368958
0.9559453129768372
0.9623779058456421
0.961890459060669

iou_score
0.3457627296447754
0.6320149898529053
0.7184207439422607
0.8626513481140137
0.8818349838256836
0.8865056037902832
0.9052145481109619
0.9156609773635864
0.9273092746734619
0.9252366423606873

loss
0.8304083943367004
0.4952138066291809
0.396474689245224
0.27305400371551514
0.22068385779857635
0.18179592490196228
0.1456621140241623
0.12296600639820099
0.09853196144104004
0.09170802682638168

recall
0.7178487777709961
0.7955139875411987
0.7241784334182739
0.95392906665802
0.9722353219985962
0.9168508648872375
0.9292260408401489
0.9826322197914124
0.983481764793396
0.9426975846290588

val_accuracy
0.803986132144928
0.7883415222167969
0.8938779234886169
0.8971115350723267
0.9012766480445862
0.8982500433921814
0.9098744988441467
0.9124842286109924
0.9078188538551331
0.9110227227210999

val_f1_score
0.8319875597953796
0.7433761358261108
0.8946935534477234
0.8999415636062622
0.8992319703102112
0.8935003876686096
0.9088634848594666
0.9120118618011475
0.9043154716491699
0.9080662131309509

val_iou_score
0.7095438241958618
0.5876215100288391
0.8059791326522827
0.8152844905853271
0.8141460418701172
0.8051480054855347
0.8301225900650024
0.8353865146636963
0.8228118419647217
0.829147458076477

val_loss
0.5168007016181946
0.5254021883010864
0.38393634557724
0.38500189781188965
0.3802485466003418
0.3985291123390198
0.39180296659469604
0.40462279319763184
0.4341753125190735
0.43480151891708374

val_recall
0.9753466844558716
0.6160894632339478
0.9059869647026062
0.9298741817474365
0.8852490782737732
0.8577837347984314
0.9031310081481934
0.9115052223205566
0.875421404838562
0.8831173181533813

