accuracy
0.6465474367141724
0.8523545861244202
0.9166032075881958
0.9300969839096069
0.9397599101066589
0.945222795009613
0.9477084875106812
0.9522426128387451
0.9517917633056641
0.9542329907417297

f1_score
0.656000018119812
0.8389105796813965
0.9054909348487854
0.9209694862365723
0.9316110014915466
0.9384726881980896
0.9417862296104431
0.9459971189498901
0.9468917846679688
0.9476595520973206

iou_score
0.5170910954475403
0.7200959920883179
0.8292582631111145
0.8519886136054993
0.8711773157119751
0.8819440603256226
0.8880993127822876
0.8945080637931824
0.9003204107284546
0.9004533886909485

loss
0.5898586511611938
0.40600889921188354
0.2543066143989563
0.19863739609718323
0.1632479727268219
0.14832036197185516
0.13074421882629395
0.12173696607351303
0.11310862004756927
0.10950765758752823

recall
0.7568917870521545
0.8634273409843445
0.897257924079895
0.9147524833679199
0.9214922785758972
0.9382334351539612
0.9499819278717041
0.939444363117218
0.9651991128921509
0.9305186867713928

val_accuracy
0.6803780198097229
0.9054774045944214
0.8839211463928223
0.9247666597366333
0.9201626777648926
0.9301168918609619
0.9306207895278931
0.9315866231918335
0.9344965219497681
0.9293248057365417

val_f1_score
0.6862497925758362
0.8739162087440491
0.8545069098472595
0.8952808976173401
0.8922058343887329
0.9023738503456116
0.9017434120178223
0.9050319194793701
0.9042865633964539
0.9040840864181519

val_iou_score
0.5214645862579346
0.7739954590797424
0.7436495423316956
0.808453381061554
0.802989661693573
0.8201628923416138
0.8193087577819824
0.8244906663894653
0.8241227269172668
0.8225205540657043

val_loss
0.8704943656921387
0.3209797441959381
0.4339960217475891
0.26923519372940063
0.28751513361930847
0.22273191809654236
0.20090770721435547
0.19640985131263733
0.18144267797470093
0.2159295529127121

val_recall
0.9987115859985352
0.9359471797943115
0.9739381074905396
0.9188598394393921
0.9440187215805054
0.9227795004844666
0.9096114635467529
0.9313924908638
0.8841032385826111
0.9516792297363281

