accuracy
0.5762320756912231
0.7095917463302612
0.8557323217391968
0.8816558122634888
0.8930720686912537
0.9019774198532104
0.9060564041137695
0.9146438241004944
0.9183979630470276
0.9221982955932617

f1_score
0.6058895587921143
0.7351478934288025
0.830618679523468
0.8630156517028809
0.8748202323913574
0.8807912468910217
0.8862107992172241
0.8975006937980652
0.9008721709251404
0.9078295230865479

iou_score
0.42573851346969604
0.6131051182746887
0.7133054733276367
0.7550315260887146
0.7792285084724426
0.7890855073928833
0.7966693639755249
0.8088768720626831
0.8115230798721313
0.8331495523452759

loss
0.6557260751724243
0.5605120658874512
0.49310174584388733
0.4391261637210846
0.3917831778526306
0.3476431965827942
0.32285887002944946
0.28944873809814453
0.26869410276412964
0.24962933361530304

recall
0.7596234679222107
0.9398857355117798
0.8248978853225708
0.8693394064903259
0.8713058829307556
0.8444729447364807
0.8530964851379395
0.871452808380127
0.8646957874298096
0.8935033082962036

val_accuracy
0.5883197784423828
0.7934548258781433
0.8352319598197937
0.8378675580024719
0.8734018802642822
0.8847255706787109
0.888286828994751
0.8972406387329102
0.9009881019592285
0.8976950645446777

val_f1_score
0.644966185092926
0.7674259543418884
0.810308039188385
0.8178328275680542
0.8480119109153748
0.8594470024108887
0.8641246557235718
0.8723089098930359
0.8758531808853149
0.8743206858634949

val_iou_score
0.47667640447616577
0.6226882338523865
0.6805764436721802
0.6906647682189941
0.7351967096328735
0.752545952796936
0.7596650719642639
0.7723506689071655
0.7778581380844116
0.775312066078186

val_loss
0.6766979098320007
0.5539066195487976
0.4988510012626648
0.480338990688324
0.41361111402511597
0.38119739294052124
0.36870113015174866
0.33956092596054077
0.32549530267715454
0.34178322553634644

val_recall
0.989037275314331
0.9013132452964783
0.9308071732521057
0.9626092910766602
0.9341250061988831
0.9321752190589905
0.9395630359649658
0.9283611178398132
0.9237802624702454
0.9412159323692322

