accuracy
0.39557820558547974
0.5337863564491272
0.5525000095367432
0.5525000095367432
0.5525000095367432
0.5525000095367432
0.5553368926048279
0.6752679944038391
0.9387603998184204
0.9503968954086304

f1_score
0.11353936791419983
0.14179620146751404
0.14683786034584045
0.14683786034584045
0.14683786034584045
0.14683786034584045
0.14509069919586182
0.12274640053510666
0.1133255735039711
0.07648339867591858

iou_score
0.0565938800573349
0.07117140293121338
0.08177849650382996
0.07404651492834091
0.08655046671628952
0.07028912007808685
0.08812244236469269
0.06556165218353271
0.060649022459983826
0.04020709544420242

loss
0.7605509757995605
0.7444438338279724
0.7294245958328247
0.7164351940155029
0.697939395904541
0.6822512149810791
0.6626014709472656
0.6387298703193665
0.6150294542312622
0.590468168258667

recall
0.94922935962677
0.9445027112960815
0.9443729519844055
0.9443729519844055
0.9443729519844055
0.9443729519844055
0.9253258109092712
0.5571250915527344
0.0959710106253624
0.05037045106291771

val_accuracy
0.67631596326828
0.7038910984992981
0.7039682269096375
0.7039830684661865
0.7208834290504456
0.7894178628921509
0.8804090619087219
0.9189301133155823
0.923793375492096
0.9258230328559875

val_f1_score
0.30816617608070374
0.32745543122291565
0.32751280069351196
0.32752376794815063
0.33397454023361206
0.30100321769714355
0.17692376673221588
0.05388141795992851
0.017230670899152756
0.00654618302360177

val_iou_score
0.18135713040828705
0.1938413679599762
0.1938813477754593
0.19388414919376373
0.1927943229675293
0.15590251982212067
0.07794800400733948
0.026962198317050934
0.008510066196322441
0.003001504810526967

val_loss
0.7158039808273315
0.700210690498352
0.684249758720398
0.6673487424850464
0.6492993831634521
0.6297346949577332
0.6082991361618042
0.5846909880638123
0.5587269067764282
0.5304784178733826

val_recall
0.9848726391792297
0.9848226308822632
0.9848226308822632
0.9848226308822632
0.9560567140579224
0.6194310784339905
0.17559818923473358
0.03153759613633156
0.009126811288297176
0.0033387565053999424

