accuracy
0.8668035268783569
0.9352676272392273
0.9352677464485168
0.9352675676345825
0.9352676868438721
0.9352676868438721
0.9352675676345825
0.9352676272392273
0.9352675676345825
0.9352676868438721

binary_crossentropy
0.4031270742416382
0.26874038577079773
0.244596466422081
0.21938660740852356
0.20480221509933472
0.19898980855941772
0.18935085833072662
0.18148350715637207
0.1788909137248993
0.17636306583881378

f1_score
0.09675490856170654
0.0
0.0
0.0
0.0
0.0
0.0
0.0
0.0
0.0

iou_score
0.0
0.0
0.0
0.0
0.0
0.0
0.0
0.0
0.0
0.0

loss
0.4031270742416382
0.26874038577079773
0.244596466422081
0.21938660740852356
0.20480221509933472
0.19898980855941772
0.18935085833072662
0.18148350715637207
0.1788909137248993
0.17636306583881378

recall
0.11020694673061371
0.0
0.0
0.0
0.0
0.0
0.0
0.0
0.0
0.0

val_accuracy
0.8263044357299805
0.8263044357299805
0.8263044357299805
0.8263044357299805
0.8263044357299805
0.8263044357299805
0.8263044357299805
0.8263044357299805
0.8263044357299805
0.8263044357299805

val_binary_crossentropy
0.5044465065002441
0.49019360542297363
0.4983898401260376
0.5176844596862793
0.46193036437034607
0.421721875667572
0.44053730368614197
0.41928744316101074
0.4407655596733093
0.4448419511318207

val_f1_score
0.0
0.0
0.0
0.0
0.0
0.0
0.0
0.0
0.0
0.0

val_iou_score
0.0
0.0
0.0
0.0
0.0
0.0
0.0
0.0
0.0
0.0

val_loss
0.5044465065002441
0.49019360542297363
0.4983898401260376
0.5176844596862793
0.46193036437034607
0.421721875667572
0.44053730368614197
0.41928744316101074
0.4407655596733093
0.4448419511318207

val_recall
0.0
0.0
0.0
0.0
0.0
0.0
0.0
0.0
0.0
0.0

