accuracy
0.5031232237815857
0.7604658007621765
0.6169576048851013
0.5516738891601562
0.6008068323135376
0.6211509704589844
0.7307676672935486
0.8435106873512268
0.8724278807640076
0.874776303768158

f1_score
0.38456159830093384
0.6288049817085266
0.0
0.4047146141529083
0.537418007850647
0.04590713605284691
0.4995577335357666
0.8097113370895386
0.8229585289955139
0.8160881400108337

iou_score
0.25733131170272827
0.30011922121047974
0.0
0.288509339094162
0.32487836480140686
0.01738385111093521
0.416909396648407
0.6872968673706055
0.6887882947921753
0.6991240382194519

loss
14.035162925720215
4.716681480407715
0.9881197214126587
0.6877172589302063
0.6714529991149902
0.7077714800834656
0.6127497553825378
0.5672944784164429
0.47449392080307007
0.3394448757171631

recall
0.4052782356739044
0.5296690464019775
0.0
0.39786970615386963
0.6053823828697205
0.02379462867975235
0.3508182168006897
0.8692110180854797
0.7740732431411743
0.7253323793411255

val_accuracy
0.6962242126464844
0.6056802868843079
0.5935096740722656
0.5840497016906738
0.6286305785179138
0.669369637966156
0.7097211480140686
0.7386268973350525
0.764431357383728
0.7842190265655518

val_f1_score
0.704128623008728
0.0
0.18791857361793518
0.36645370721817017
0.17038094997406006
0.3582002520561218
0.6571483612060547
0.6506140232086182
0.6910510659217834
0.723425030708313

val_iou_score
0.5394944548606873
0.0
0.10527513921260834
0.22516228258609772
0.09380335360765457
0.22309263050556183
0.4911302924156189
0.4842020273208618
0.5301194787025452
0.5683610439300537

val_loss
0.6078239679336548
1.1439274549484253
0.6811307668685913
0.6661297082901001
0.6413542032241821
0.6130837798118591
0.615357518196106
0.5683156251907349
0.5507814884185791
0.503711462020874

val_recall
0.9166930317878723
0.0
0.11927296966314316
0.3050730526447296
0.0967097133398056
0.23398643732070923
0.7054957151412964
0.6171640753746033
0.6681321859359741
0.715674638748169

