loss
13.622782707214355
13.331661224365234
13.240342140197754
13.089570045471191
12.971144676208496
12.856961250305176
12.710394859313965
12.568438529968262
12.440190315246582
12.30408000946045
12.171168327331543
12.061711311340332
11.94199275970459
11.836695671081543
11.744454383850098
11.673840522766113

accuracy
0.7986229062080383
0.9468092918395996
0.9494764804840088
0.9471403956413269
0.93901127576828
0.9341648817062378
0.9414170980453491
0.9493262767791748
0.9463111758232117
0.9454154372215271
0.9505840539932251
0.9439037442207336
0.9489654302597046
0.9492512941360474
0.9485156536102295
0.9457423090934753

val_loss
13.79213809967041
13.705413818359375
13.60229778289795
13.48532772064209
13.362080574035645
13.237683296203613
13.112408638000488
12.98369312286377
12.850584983825684
12.714924812316895
12.591452598571777
12.483924865722656
12.388567924499512
12.296958923339844
12.211668968200684
12.134503364562988

val_accuracy
0.4089776277542114
0.40011531114578247
0.400613397359848
0.4054213762283325
0.46257203817367554
0.5003008246421814
0.5090620517730713
0.5106978416442871
0.5269104242324829
0.5497090816497803
0.557942271232605
0.5308669209480286
0.3717995285987854
0.32453975081443787
0.33707234263420105
0.3365127742290497

lr
9.999999747378752e-05
9.999999747378752e-05
9.999999747378752e-05
9.999999747378752e-05
9.999999747378752e-05
9.999999747378752e-05
9.999999747378752e-05
9.999999747378752e-05
9.999999747378752e-05
9.999999747378752e-05
9.048374340636656e-05
8.187307685147971e-05
7.408182136714458e-05
6.70320077915676e-05
6.065307024982758e-05
5.4881169489817694e-05

