accuracy
0.7231164574623108
0.920124351978302
0.9403913617134094
0.9486780166625977
0.9538936018943787
0.9558520317077637
0.9580637812614441
0.9597237706184387
0.9591737389564514
0.9614811539649963

binary_crossentropy
0.581729531288147
0.2373904436826706
0.15548574924468994
0.12382694333791733
0.10926232486963272
0.10370979458093643
0.09692206233739853
0.09216673672199249
0.09312973916530609
0.08796167373657227

f1_score
0.6454268097877502
0.8904564380645752
0.9202509522438049
0.931495726108551
0.9383898973464966
0.9408378005027771
0.9437595009803772
0.9461044073104858
0.945296585559845
0.9484730362892151

iou_score
0.8077732920646667
0.8077732920646667
0.8077732920646667
0.8077732920646667
0.8077732920646667
0.8077732920646667
0.8077732920646667
0.8077732920646667
0.8077732920646667
0.8077732920646667

loss
0.581729531288147
0.2373904436826706
0.15548574924468994
0.12382694333791733
0.10926232486963272
0.10370979458093643
0.09692206233739853
0.09216673672199249
0.09312973916530609
0.08796167373657227

recall
0.6744430065155029
0.868855357170105
0.9204450249671936
0.9338414669036865
0.9397245645523071
0.9394844770431519
0.9416934847831726
0.9461100697517395
0.9440624713897705
0.9487940669059753

val_accuracy
0.9010727405548096
0.9338623881340027
0.9373446702957153
0.9404475688934326
0.9377686381340027
0.9398251175880432
0.9384332895278931
0.935523271560669
0.9475825428962708
0.9438682198524475

val_binary_crossentropy
0.3216748535633087
0.2078535258769989
0.17349091172218323
0.15432894229888916
0.1636546552181244
0.15857994556427002
0.16436868906021118
0.17955535650253296
0.13547512888908386
0.14770331978797913

val_f1_score
0.883419394493103
0.9156555533409119
0.9184392690658569
0.9216293692588806
0.9165557026863098
0.9192948937416077
0.9169958829879761
0.9120573997497559
0.9309343695640564
0.924648642539978

val_iou_score
0.8077732920646667
0.8077732920646667
0.8077732920646667
0.8077732920646667
0.8077732920646667
0.8077732920646667
0.8077732920646667
0.8077732920646667
0.8077732920646667
0.8077732920646667

val_loss
0.3216748535633087
0.2078535258769989
0.17349091172218323
0.15432894229888916
0.1636546552181244
0.15857994556427002
0.16436868906021118
0.17955535650253296
0.13547512888908386
0.14770331978797913

val_recall
0.9613478183746338
0.9207631349563599
0.9047977924346924
0.8981044292449951
0.8765875697135925
0.8790087699890137
0.8722435235977173
0.8575307726860046
0.9060602784156799
0.883320689201355

