accuracy
0.5888458490371704
0.8339975476264954
0.8869708776473999
0.9008806943893433
0.9106881618499756
0.9193002581596375
0.9272048473358154
0.931861162185669
0.9351518154144287
0.9389676451683044

f1_score
0.6101691722869873
0.7948606014251709
0.8531196713447571
0.8696296811103821
0.8820505142211914
0.8949992656707764
0.9056896567344666
0.9121066331863403
0.9162160158157349
0.922132134437561

iou_score
0.43152570724487305
0.6638514399528503
0.7437883019447327
0.76930171251297
0.7890706658363342
0.8099972009658813
0.8277997374534607
0.8385619521141052
0.8451871275901794
0.8554927110671997

loss
0.6493253111839294
0.5239806175231934
0.43087366223335266
0.35796260833740234
0.3033127784729004
0.2635098397731781
0.23091475665569305
0.20996582508087158
0.1942972093820572
0.17984315752983093

recall
0.8146812915802002
0.8142643570899963
0.8310853242874146
0.8369951248168945
0.8455038070678711
0.8707864284515381
0.884975790977478
0.8951458930969238
0.8977259397506714
0.9149646162986755

val_accuracy
0.7601756453514099
0.8812305331230164
0.8862375617027283
0.9065321683883667
0.9100853800773621
0.9160948991775513
0.9188761711120605
0.9207924008369446
0.9233075380325317
0.9209588766098022

val_f1_score
0.7575726509094238
0.8513467311859131
0.8666120171546936
0.8832772374153137
0.8892825245857239
0.8932905197143555
0.8958958983421326
0.8975276947021484
0.9008804559707642
0.8949037790298462

val_iou_score
0.6084563136100769
0.7408632636070251
0.7634629011154175
0.7904044985771179
0.7998612523078918
0.8067421913146973
0.810987651348114
0.8137026429176331
0.8191630244255066
0.8094029426574707

val_loss
0.5617740154266357
0.4520844519138336
0.3918415606021881
0.3223353922367096
0.2995345890522003
0.26586899161338806
0.24887217581272125
0.23706327378749847
0.22719021141529083
0.22442732751369476

val_recall
0.9572845101356506
0.8688445091247559
0.9440869688987732
0.9034599661827087
0.9224839806556702
0.8971876502037048
0.8917508721351624
0.8861623406410217
0.8903601765632629
0.8597018122673035

