disease_segmentation_accuracy
0.7757908701896667
0.8760194778442383
0.8916468620300293
0.8999618887901306
0.905018150806427
0.9141783714294434
0.9193755984306335
0.9231111407279968
0.9274943470954895
0.9312601685523987

disease_segmentation_binary_crossentropy
0.5958510041236877
0.2926316559314728
0.24525141716003418
0.22022011876106262
0.20605869591236115
0.18751947581768036
0.17236730456352234
0.1630776822566986
0.15328463912010193
0.14483828842639923

disease_segmentation_f1_score
0.6989288330078125
0.8459678292274475
0.8715856075286865
0.878165602684021
0.8873444199562073
0.8993127942085266
0.9046123623847961
0.9100114703178406
0.9167376756668091
0.9216488599777222

disease_segmentation_iou_score
0.788155734539032
0.788155734539032
0.788155734539032
0.788155734539032
0.788155734539032
0.788155734539032
0.788155734539032
0.788155734539032
0.788155734539032
0.788155734539032

disease_segmentation_recall
0.640355110168457
0.8139675259590149
0.8622480630874634
0.8484885096549988
0.8702120184898376
0.8834406733512878
0.8823848962783813
0.8909770250320435
0.9036536812782288
0.9096569418907166

leaf_segmentation_accuracy
0.8171093463897705
0.9150723218917847
0.9191434979438782
0.9218778610229492
0.9232139587402344
0.9242979884147644
0.9256985783576965
0.9249370098114014
0.9276200532913208
0.9282326102256775

leaf_segmentation_binary_crossentropy
0.4571179449558258
0.22597792744636536
0.1743878424167633
0.1562209129333496
0.1475536972284317
0.14135627448558807
0.13798847794532776
0.13695861399173737
0.13140562176704407
0.12775477766990662

leaf_segmentation_f1_score
0.25325602293014526
0.3312342166900635
0.3764148950576782
0.42249348759651184
0.45567724108695984
0.47909533977508545
0.45266789197921753
0.4879566729068756
0.5075695514678955
0.5187218189239502

leaf_segmentation_recall
0.32190123200416565
0.2178281545639038
0.2530147135257721
0.2916437089443207
0.3237827718257904
0.3479326665401459
0.31241077184677124
0.3565973937511444
0.3696110248565674
0.38113877177238464

loss
1.0529688596725464
0.5186096429824829
0.4196391999721527
0.3764410614967346
0.35361239314079285
0.3288758099079132
0.3103557527065277
0.3000362813472748
0.2846902310848236
0.27259308099746704

val_disease_segmentation_accuracy
0.39614570140838623
0.39614570140838623
0.39614570140838623
0.39614570140838623
0.5824698805809021
0.7584384083747864
0.793014645576477
0.806469202041626
0.8237297534942627
0.8567368984222412

val_disease_segmentation_binary_crossentropy
6045.37890625
6202.7705078125
1048.928955078125
130.65682983398438
11.793533325195312
1.5517618656158447
0.5408470034599304
0.46821945905685425
0.39391130208969116
0.3340214192867279

val_disease_segmentation_f1_score
0.5818248391151428
0.5818248391151428
0.5818248391151428
0.5818248391151428
0.6621007323265076
0.7369986176490784
0.7572386860847473
0.7588546872138977
0.7763389348983765
0.8273623585700989

val_disease_segmentation_iou_score
0.788155734539032
0.788155734539032
0.788155734539032
0.788155734539032
0.788155734539032
0.788155734539032
0.788155734539032
0.788155734539032
0.788155734539032
0.788155734539032

val_disease_segmentation_recall
1.0
1.0
1.0
1.0
0.9662067294120789
0.794213593006134
0.754435658454895
0.7130832076072693
0.716806173324585
0.7916473150253296

val_leaf_segmentation_accuracy
0.15697512030601501
0.3576836585998535
0.2083984613418579
0.0666959136724472
0.43273842334747314
0.7844889163970947
0.8469583988189697
0.8992603421211243
0.9067854285240173
0.9116103649139404

val_leaf_segmentation_binary_crossentropy
737.740478515625
93.37416076660156
49.39932632446289
14.87773609161377
1.5220448970794678
0.39974722266197205
0.3071848750114441
0.22235579788684845
0.20728278160095215
0.19159124791622162

val_leaf_segmentation_f1_score
0.20406490564346313
0.2448936253786087
0.21217916905879974
0.18811659514904022
0.24316520988941193
0.2849781811237335
0.5098065733909607
0.49803754687309265
0.5348648428916931
0.41657784581184387

val_leaf_segmentation_recall
0.995296835899353
0.948740541934967
0.9796667695045471
1.0
0.830916702747345
0.3874184787273407
0.6684097647666931
0.4326537251472473
0.4607832133769989
0.28692445158958435

val_loss
6783.11962890625
6296.14453125
1098.328369140625
145.53457641601562
13.315577507019043
1.95150887966156
0.8480318784713745
0.6905753016471863
0.6011940240859985
0.5256127119064331

