accuracy
0.522655189037323
0.45161086320877075
0.5428900718688965
0.5527103543281555
0.5527103543281555
0.5527103543281555
0.5527103543281555
0.5895819664001465
0.813731849193573
0.877833902835846

binary_crossentropy
9.00975513458252
0.9348868131637573
0.6874321699142456
0.6737204790115356
0.6261337399482727
0.5574477910995483
0.506196916103363
0.4635883867740631
0.43731099367141724
0.37862735986709595

f1_score
0.47279468178749084
0.6197930574417114
0.48343390226364136
0.0
0.0
0.0
0.0
0.15431736409664154
0.7446644306182861
0.8520243763923645

iou_score
0.001322151510976255
0.001322151510976255
0.001322151510976255
0.001322151510976255
0.001322151510976255
0.001322151510976255
0.001322151510976255
0.001322151510976255
0.001322151510976255
0.001322151510976255

loss
9.00975513458252
0.9348868131637573
0.6874321699142456
0.6737204790115356
0.6261337399482727
0.5574477910995483
0.506196916103363
0.4635883867740631
0.43731099367141724
0.37862735986709595

recall
0.4785267114639282
0.9993019104003906
0.4782038927078247
0.0
0.0
0.0
0.0
0.08371726423501968
0.6072521805763245
0.7863098382949829

val_accuracy
0.34620606899261475
0.3810417056083679
0.65085369348526
0.650871753692627
0.650871753692627
0.650871753692627
0.650871753692627
0.6509149074554443
0.6509938836097717
0.6518739461898804

val_binary_crossentropy
1.3566745519638062
0.7631661295890808
0.6422229409217834
1.3231794834136963
4.188588619232178
7.367116451263428
10.518887519836426
6.537790775299072
3.577385425567627
2.1082005500793457

val_f1_score
0.43959933519363403
0.4662194550037384
0.0
0.0
0.0
0.0
0.0
0.0005047234008088708
0.0008078303071670234
0.0064026303589344025

val_iou_score
0.001322151510976255
0.001322151510976255
0.001322151510976255
0.001322151510976255
0.001322151510976255
0.001322151510976255
0.001322151510976255
0.001322151510976255
0.001322151510976255
0.001322151510976255

val_loss
1.3566745519638062
0.7631661295890808
0.6422229409217834
1.3231794834136963
4.188588619232178
7.367116451263428
10.518887519836426
6.537790775299072
3.577385425567627
2.1082005500793457

val_recall
0.7344874739646912
0.774237334728241
0.0
0.0
0.0
0.0
0.0
0.00025245800497941673
0.00040410037036053836
0.0032126957084983587

