accuracy
0.9360505938529968
0.9360504150390625
0.9360503554344177
0.9360504150390625
0.9360504746437073
0.9360504746437073
0.9360504746437073
0.9360504150390625
0.9360504746437073
0.9360504150390625

binary_crossentropy
0.6011819243431091
0.2907973527908325
0.2587527632713318
0.2335459142923355
0.24187088012695312
0.22034364938735962
0.20866607129573822
0.20341913402080536
0.2001354694366455
0.1976463794708252

f1_score
0.0
0.0
0.0
0.0
0.0
0.0
0.0
0.0
0.0
0.0

iou_score
0.0
0.0
0.0
0.0
0.0
0.0
0.0
0.0
0.0
0.0

loss
0.6011819243431091
0.2907973527908325
0.2587527632713318
0.2335459142923355
0.24187088012695312
0.22034364938735962
0.20866607129573822
0.20341913402080536
0.2001354694366455
0.1976463794708252

recall
0.0
0.0
0.0
0.0
0.0
0.0
0.0
0.0
0.0
0.0

val_accuracy
0.8758890628814697
0.8758890628814697
0.8758890628814697
0.8758890628814697
0.8758890628814697
0.8758890628814697
0.8758890628814697
0.8758890628814697
0.8758890628814697
0.8758890628814697

val_binary_crossentropy
0.5182745456695557
0.3917886018753052
0.36732757091522217
0.4190176725387573
0.3482707142829895
0.3663807809352875
0.3399330973625183
0.3287402391433716
0.3337637782096863
0.34300386905670166

val_f1_score
0.0
0.0
0.0
0.0
0.0
0.0
0.0
0.0
0.0
0.0

val_iou_score
0.0
0.0
0.0
0.0
0.0
0.0
0.0
0.0
0.0
0.0

val_loss
0.5182745456695557
0.3917886018753052
0.36732757091522217
0.4190176725387573
0.3482707142829895
0.3663807809352875
0.3399330973625183
0.3287402391433716
0.3337637782096863
0.34300386905670166

val_recall
0.0
0.0
0.0
0.0
0.0
0.0
0.0
0.0
0.0
0.0

