accuracy
0.7669011950492859
0.9174927473068237
0.9174926280975342
0.917492687702179
0.917492687702179
0.9174926280975342
0.917492687702179
0.9174926280975342
0.917492687702179
0.917492687702179

f1_score
0.1594066321849823
0.0
0.0
0.0
0.0
0.0
0.0
0.0
0.0
0.0

iou_score
0.04582282528281212
0.0
0.0
0.0
0.0
0.0
0.0
0.0
0.0
0.0

loss
0.5305737257003784
0.3647553622722626
0.33201202750205994
0.3113170266151428
0.2917499542236328
0.26853427290916443
0.24520467221736908
0.22824041545391083
0.2164451628923416
0.21111531555652618

recall
0.26787862181663513
0.0
0.0
0.0
0.0
0.0
0.0
0.0
0.0
0.0

val_accuracy
0.9308754801750183
0.9308754801750183
0.9308754801750183
0.9308754801750183
0.9308754801750183
0.9308754801750183
0.9308754801750183
0.9308754801750183
0.9308754801750183
0.9308754801750183

val_f1_score
0.0
0.0
0.0
0.0
0.0
0.0
0.0
0.0
0.0
0.0

val_iou_score
0.0
0.0
0.0
0.0
0.0
0.0
0.0
0.0
0.0
0.0

val_loss
0.3138589859008789
0.2861502766609192
0.2650110423564911
0.25999727845191956
0.25099602341651917
0.24061062932014465
0.23203346133232117
0.23492540419101715
0.23226919770240784
0.22520048916339874

val_recall
0.0
0.0
0.0
0.0
0.0
0.0
0.0
0.0
0.0
0.0

