accuracy
0.7828765511512756
0.8746740818023682
0.8863780498504639
0.8978585004806519
0.90434330701828
0.9109252095222473
0.9196827411651611
0.9242501854896545
0.9288538694381714
0.9310344457626343

f1_score
0.6958541870117188
0.8369343876838684
0.8570392727851868
0.8725495934486389
0.8818821907043457
0.889843761920929
0.9029780626296997
0.9096415042877197
0.9148114919662476
0.917955756187439

iou_score
0.5555221438407898
0.7199987769126892
0.7496412992477417
0.7732506394386292
0.7884708642959595
0.8026138544082642
0.8223781585693359
0.8334594964981079
0.843150794506073
0.8490288257598877

loss
0.5867701768875122
0.27693578600883484
0.25116032361984253
0.22670894861221313
0.2088901251554489
0.19456307590007782
0.17575208842754364
0.16297176480293274
0.15323974192142487
0.14680331945419312

recall
0.6311164498329163
0.7954703569412231
0.8332844972610474
0.8496474027633667
0.8617807030677795
0.8655925989151001
0.8869308829307556
0.8976054787635803
0.8974912762641907
0.9029585123062134

val_accuracy
0.3873020112514496
0.3873020112514496
0.43528205156326294
0.8572102189064026
0.8859184384346008
0.8965295553207397
0.9035431146621704
0.9098940491676331
0.915912389755249
0.9173115491867065

val_f1_score
0.573330819606781
0.573330819606781
0.5936405062675476
0.8387585878372192
0.8602588772773743
0.8813526630401611
0.8824573755264282
0.8925490379333496
0.899275004863739
0.9013317823410034

val_iou_score
0.3944723606109619
0.3944723606109619
0.4139881134033203
0.7234448194503784
0.7591925859451294
0.7871975898742676
0.7942489981651306
0.8097906112670898
0.8205431699752808
0.8218264579772949

val_loss
170.60430908203125
98.39863586425781
4.467716693878174
0.39659950137138367
0.28872060775756836
0.2775037884712219
0.21274299919605255
0.20601195096969604
0.18374530971050262
0.17906565964221954

val_recall
1.0
1.0
0.9999746680259705
0.8671608567237854
0.8276383876800537
0.8852006196975708
0.8479253053665161
0.8689109086990356
0.8712913990020752
0.8733864426612854

