accuracy
0.4671165347099304
0.6037129759788513
0.48240432143211365
0.615772008895874
0.7035303711891174
0.7510032653808594
0.817107617855072
0.9130821228027344
0.9423792362213135
0.9534518122673035

binary_crossentropy
11.421025276184082
2.9535694122314453
0.8154169321060181
0.6291545629501343
0.5673428773880005
0.47517889738082886
0.3462664484977722
0.2321534901857376
0.19279325008392334
0.109825998544693

f1_score
0.5227518677711487
0.030806181952357292
0.6057104468345642
0.6134432554244995
0.43882647156715393
0.5625518560409546
0.7208307981491089
0.8850955963134766
0.9284871220588684
0.9432766437530518

iou_score
0.44627025723457336
0.44627025723457336
0.44627025723457336
0.44627025723457336
0.44627025723457336
0.44627025723457336
0.44627025723457336
0.44627025723457336
0.44627025723457336
0.44627025723457336

loss
11.421025276184082
2.9535694122314453
0.8154169321060181
0.6291545629501343
0.5673428773880005
0.47517889738082886
0.3462664484977722
0.2321534901857376
0.19279325008392334
0.109825998544693

recall
0.7256486415863037
0.015659570693969727
0.9885150790214539
0.7580414414405823
0.28821641206741333
0.39808189868927
0.5870894193649292
0.8323493003845215
0.930065929889679
0.9623284935951233

val_accuracy
0.49566420912742615
0.4115799069404602
0.42006760835647583
0.6237149834632874
0.5142201781272888
0.5371595025062561
0.6147369146347046
0.6621856689453125
0.6795437932014465
0.6681643128395081

val_binary_crossentropy
5.867678165435791
2.0851805210113525
2.345424175262451
0.9637867212295532
3.919172763824463
7.223752021789551
8.014984130859375
11.47442626953125
14.445558547973633
35.866729736328125

val_f1_score
0.0
0.529123067855835
0.5414108037948608
0.46950098872184753
0.07985320687294006
0.2001255750656128
0.5053648352622986
0.6080387234687805
0.6424909830093384
0.6160152554512024

val_iou_score
0.44627025723457336
0.44627025723457336
0.44627025723457336
0.44627025723457336
0.44627025723457336
0.44627025723457336
0.44627025723457336
0.44627025723457336
0.44627025723457336
0.44627025723457336

val_loss
5.867678165435791
2.0851805210113525
2.345424175262451
0.9637867212295532
3.919172763824463
7.223752021789551
8.014984130859375
11.47442626953125
14.445558547973633
35.866729736328125

val_recall
0.0
0.6555216312408447
0.6787828803062439
0.33015602827072144
0.04179506376385689
0.1148054376244545
0.39023634791374207
0.5195370316505432
0.5709512829780579
0.5277775526046753

