accuracy
0.7289490699768066
0.9536426067352295
0.9536426067352295
0.9536426067352295
0.9536426067352295
0.9536426663398743
0.9536426067352295
0.9536426067352295
0.9536426067352295
0.9536426663398743

f1_score
0.12675942480564117
0.0
0.0
0.0
0.0
0.0
0.0
0.0
0.0
0.0

iou_score
0.04248182103037834
0.0
0.0
0.0
0.0
0.0
0.0
0.0
0.0
0.0

loss
0.5560786724090576
0.23313993215560913
0.2693805396556854
0.20904140174388885
0.2174677550792694
0.1965816468000412
0.21329039335250854
0.19124546647071838
0.18062062561511993
0.18243204057216644

recall
0.4243735074996948
0.0
0.0
0.0
0.0
0.0
0.0
0.0
0.0
0.0

val_accuracy
0.9180590510368347
0.9180590510368347
0.9180590510368347
0.9180590510368347
0.9180590510368347
0.9180590510368347
0.9180590510368347
0.9180590510368347
0.9180590510368347
0.9180590510368347

val_f1_score
0.0
0.0
0.0
0.0
0.0
0.0
0.0
0.0
0.0
0.0

val_iou_score
0.0
0.0
0.0
0.0
0.0
0.0
0.0
0.0
0.0
0.0

val_loss
0.30457279086112976
0.4480980932712555
0.28945326805114746
0.31325849890708923
0.29256686568260193
0.3084987998008728
0.28781458735466003
0.2834371328353882
0.2771208584308624
0.28451329469680786

val_recall
0.0
0.0
0.0
0.0
0.0
0.0
0.0
0.0
0.0
0.0

