accuracy
0.6585635542869568
0.8693581819534302
0.9217342138290405
0.9300302863121033
0.9498924016952515
0.9526925683021545
0.9543028473854065
0.953028678894043
0.9651725888252258
0.9662743806838989

f1_score
0.5889672636985779
0.8416248559951782
0.9072769284248352
0.9163209199905396
0.9425709843635559
0.9491001963615417
0.9524111151695251
0.9508830308914185
0.9637701511383057
0.9645988345146179

iou_score
0.4430185556411743
0.7266319990158081
0.8307842016220093
0.8479539752006531
0.8932095766067505
0.9012694954872131
0.9067600965499878
0.9035268425941467
0.9296517372131348
0.9318661093711853

loss
0.6204918622970581
0.2916184961795807
0.1802123486995697
0.16066159307956696
0.1214108020067215
0.11024384200572968
0.10147610306739807
0.10345670580863953
0.07999813556671143
0.07442020624876022

recall
0.5827838778495789
0.805540919303894
0.876357913017273
0.8809486031532288
0.9204287528991699
0.9510261416435242
0.9630649089813232
0.9606780409812927
0.9605029821395874
0.958083987236023

val_accuracy
0.4942648708820343
0.4998346269130707
0.5274719595909119
0.550876259803772
0.5590976476669312
0.5689380168914795
0.5897550582885742
0.6206420063972473
0.6550894379615784
0.6817030310630798

val_f1_score
0.6689708828926086
0.6714194416999817
0.6839322447776794
0.6948679685592651
0.6987689137458801
0.703437328338623
0.7136351466178894
0.7292953133583069
0.7476032376289368
0.761845052242279

val_iou_score
0.4961003065109253
0.49885255098342896
0.5130918025970459
0.5257845520973206
0.5303673148155212
0.5358623266220093
0.5480524301528931
0.5674601793289185
0.5906239748001099
0.6089563369750977

val_loss
1.9197986125946045
1.8572731018066406
1.5816819667816162
1.4667989015579224
1.4635484218597412
1.5020036697387695
1.520251750946045
1.4824525117874146
1.436011791229248
1.4024295806884766

val_recall
1.0
0.9998286366462708
0.9992272257804871
0.99854975938797
0.998171329498291
0.997406542301178
0.996252715587616
0.994232177734375
0.9916605949401855
0.9862540364265442

