disease_segmentation_accuracy
0.676646888256073
0.7742084264755249
0.8431220650672913
0.8654431104660034
0.8760643005371094
0.8832021951675415
0.8920621871948242
0.8978222608566284
0.9002617001533508
0.9047691226005554

disease_segmentation_binary_crossentropy
0.8161384463310242
0.495929479598999
0.36449146270751953
0.31066837906837463
0.2760189175605774
0.2603526711463928
0.27675557136535645
0.2320270985364914
0.22134585678577423
0.21799547970294952

disease_segmentation_f1_score
0.5517193675041199
0.6968804001808167
0.8161805868148804
0.85328209400177
0.8659245371818542
0.8706280589103699
0.8828981518745422
0.8894829154014587
0.8932831883430481
0.898298978805542

disease_segmentation_iou_score
0.43657711148262024
0.43657711148262024
0.43657711148262024
0.43657711148262024
0.43657711148262024
0.43657711148262024
0.43657711148262024
0.43657711148262024
0.43657711148262024
0.43657711148262024

disease_segmentation_recall
0.44525134563446045
0.5779528617858887
0.7585375905036926
0.8374950885772705
0.8545791506767273
0.8408923745155334
0.8624536991119385
0.8670828938484192
0.8754776120185852
0.8785241842269897

leaf_segmentation_accuracy
0.6302666664123535
0.8958246111869812
0.9022214412689209
0.9022490978240967
0.9020751714706421
0.9085525274276733
0.9073521494865417
0.9095033407211304
0.9128960371017456
0.912513792514801

leaf_segmentation_binary_crossentropy
0.775115430355072
0.4449350833892822
0.3246687352657318
0.24881891906261444
0.23736949265003204
0.20475976169109344
0.19806930422782898
0.21864104270935059
0.17416450381278992
0.18574514985084534

leaf_segmentation_f1_score
0.2760564684867859
0.4321272671222687
0.4044990837574005
0.3913094699382782
0.43697649240493774
0.45051175355911255
0.4795333743095398
0.4620838761329651
0.5413017272949219
0.5647215247154236

leaf_segmentation_recall
0.5801302790641785
0.3222297728061676
0.2727963328361511
0.2601064443588257
0.3089107275009155
0.30914047360420227
0.3462808132171631
0.3176991641521454
0.4069879353046417
0.44444677233695984

loss
1.5912538766860962
0.9408645629882812
0.6891602277755737
0.5594872832298279
0.513388454914093
0.46511244773864746
0.4748249053955078
0.4506681561470032
0.39551034569740295
0.40374064445495605

val_disease_segmentation_accuracy
0.36879488825798035
0.36879488825798035
0.36879488825798035
0.36879488825798035
0.36879488825798035
0.38919976353645325
0.3857671022415161
0.36916717886924744
0.37216174602508545
0.5530577301979065

val_disease_segmentation_binary_crossentropy
1594.591796875
26861.505859375
64777.78125
55994.83203125
28404.609375
7433.20849609375
2532.097412109375
1019.5153198242188
177.4085235595703
18.148406982421875

val_disease_segmentation_f1_score
0.5543854832649231
0.5543854832649231
0.5543854832649231
0.5543854832649231
0.5543854832649231
0.562547504901886
0.5611622929573059
0.5545346736907959
0.5557261109352112
0.6366862654685974

val_disease_segmentation_iou_score
0.43657711148262024
0.43657711148262024
0.43657711148262024
0.43657711148262024
0.43657711148262024
0.43657711148262024
0.43657711148262024
0.43657711148262024
0.43657711148262024
0.43657711148262024

val_disease_segmentation_recall
1.0
1.0
1.0
1.0
1.0
0.9995254278182983
0.999613344669342
1.0
0.9999590516090393
0.9890940189361572

val_leaf_segmentation_accuracy
0.0484689362347126
0.0484689362347126
0.06414598226547241
0.10024859756231308
0.049532268196344376
0.684603750705719
0.5066726803779602
0.09002818167209625
0.05482450872659683
0.4999842643737793

val_leaf_segmentation_binary_crossentropy
1211.854736328125
15663.6611328125
32605.80078125
22364.66796875
14820.3798828125
206.43408203125
121.40909576416016
229.0238800048828
96.75157165527344
11.631086349487305

val_leaf_segmentation_f1_score
0.1593758463859558
0.1593758463859558
0.16170689463615417
0.1671406477689743
0.15953195095062256
0.04648735746741295
0.17010380327701569
0.1654098480939865
0.16031354665756226
0.263472318649292

val_leaf_segmentation_recall
1.0
1.0
0.999985933303833
0.9985716342926025
1.0
0.08785714954137802
0.5589802265167236
0.997910737991333
1.0
0.9589751958847046

val_loss
2806.446533203125
42525.1640625
97383.578125
78359.5078125
43224.98828125
7639.6416015625
2653.50634765625
1248.539306640625
274.16009521484375
29.779491424560547

