accuracy
0.927323579788208
0.9285117983818054
0.9285117983818054
0.9285118579864502
0.9285117983818054
0.9285117983818054
0.9285117983818054
0.9285117983818054
0.9285118579864502
0.9285117983818054

binary_crossentropy
0.42385387420654297
0.3116842806339264
0.2878440022468567
0.2599896192550659
0.23365876078605652
0.2134741097688675
0.20031578838825226
0.19271229207515717
0.188990518450737
0.19016996026039124

f1_score
1.719540136946307e-06
0.0
0.0
0.0
0.0
0.0
0.0
0.0
0.0
0.0

iou_score
0.0
0.0
0.0
0.0
0.0
0.0
0.0
0.0
0.0
0.0

loss
0.42385387420654297
0.3116842806339264
0.2878440022468567
0.2599896192550659
0.23365876078605652
0.2134741097688675
0.20031578838825226
0.19271229207515717
0.188990518450737
0.19016996026039124

recall
8.756935585552128e-07
0.0
0.0
0.0
0.0
0.0
0.0
0.0
0.0
0.0

val_accuracy
0.9141471982002258
0.9141471982002258
0.9141471982002258
0.9141471982002258
0.9141471982002258
0.9141471982002258
0.9141471982002258
0.9141471982002258
0.9141471982002258
0.9141471982002258

val_binary_crossentropy
0.3308838903903961
0.327019065618515
0.31661686301231384
0.30220937728881836
0.2883116900920868
0.28900986909866333
0.28315117955207825
0.27098020911216736
0.275160014629364
0.27053526043891907

val_f1_score
0.0
0.0
0.0
0.0
0.0
0.0
0.0
0.0
0.0
0.0

val_iou_score
0.0
0.0
0.0
0.0
0.0
0.0
0.0
0.0
0.0
0.0

val_loss
0.3308838903903961
0.327019065618515
0.31661686301231384
0.30220937728881836
0.2883116900920868
0.28900986909866333
0.28315117955207825
0.27098020911216736
0.275160014629364
0.27053526043891907

val_recall
0.0
0.0
0.0
0.0
0.0
0.0
0.0
0.0
0.0
0.0

