accuracy
0.10064985603094101
0.37578532099723816
0.6199889779090881
0.6638724207878113
0.6683905720710754
0.6689803600311279
0.6690795421600342
0.6700552105903625
0.6835559606552124
0.7755253314971924

f1_score
0.10159093141555786
0.1388884037733078
0.2079867571592331
0.2288823425769806
0.2312796413898468
0.2315962165594101
0.23164956271648407
0.2314845472574234
0.22550815343856812
0.1732064038515091

iou_score
0.05149410665035248
0.08075523376464844
0.12234057486057281
0.12613870203495026
0.12478118389844894
0.1350928694009781
0.13939398527145386
0.12748482823371887
0.13332964479923248
0.09958228468894958

loss
0.7561750411987305
0.7390694618225098
0.7262508869171143
0.7144985198974609
0.7061135172843933
0.6911976337432861
0.6775750517845154
0.662013053894043
0.6462423801422119
0.6270126104354858

recall
0.9999219179153442
0.9899129867553711
0.981196403503418
0.9809622168540955
0.9809622168540955
0.9809622168540955
0.9809622168540955
0.9771633148193359
0.9059385657310486
0.4623710811138153

val_accuracy
0.29379284381866455
0.6013985276222229
0.6654806733131409
0.6792853474617004
0.682275652885437
0.6828310489654541
0.7331202030181885
0.815797746181488
0.8490755558013916
0.8748581409454346

val_f1_score
0.18165422976016998
0.2811131179332733
0.3178049921989441
0.3269978165626526
0.3290625512599945
0.32510048151016235
0.31214696168899536
0.2938081920146942
0.20386694371700287
0.10057041049003601

val_iou_score
0.10577799379825592
0.16968101263046265
0.19491592049598694
0.20074115693569183
0.20206040143966675
0.1994520127773285
0.1841626763343811
0.15125972032546997
0.09254266321659088
0.03859448805451393

val_loss
0.7379843592643738
0.7218300104141235
0.7072479724884033
0.6932990550994873
0.6791154146194458
0.6640501022338867
0.6474777460098267
0.629022479057312
0.6084810495376587
0.5857047438621521

val_recall
0.9978229403495789
0.9921382665634155
0.9919413328170776
0.9918819069862366
0.9918813109397888
0.9724829196929932
0.770889163017273
0.4878080189228058
0.24599900841712952
0.08906742185354233

