accuracy
0.5157476663589478
0.9530917406082153
0.9531593918800354
0.9531594514846802
0.9531594514846802
0.9531593918800354
0.9531593918800354
0.9531594514846802
0.9531594514846802
0.9531594514846802

binary_crossentropy
0.669283926486969
0.30709779262542725
0.3102395236492157
0.21978799998760223
0.21483153104782104
0.18389767408370972
0.20517943799495697
0.18395385146141052
0.1864681988954544
0.19132988154888153

f1_score
0.1307087540626526
0.0
0.0
0.0
0.0
0.0
0.0
0.0
0.0
0.0

iou_score
0.0
0.0
0.0
0.0
0.0
0.0
0.0
0.0
0.0
0.0

loss
0.669283926486969
0.30709779262542725
0.3102395236492157
0.21978799998760223
0.21483153104782104
0.18389767408370972
0.20517943799495697
0.18395385146141052
0.1864681988954544
0.19132988154888153

recall
0.7772466540336609
0.0
0.0
0.0
0.0
0.0
0.0
0.0
0.0
0.0

val_accuracy
0.9213953614234924
0.9224078059196472
0.9224078059196472
0.9224078059196472
0.9224078059196472
0.9224078059196472
0.9224078059196472
0.9224078059196472
0.9224078059196472
0.9224078059196472

val_binary_crossentropy
0.46631401777267456
0.39430156350135803
0.34266549348831177
0.2675497233867645
0.2615484595298767
0.27568021416664124
0.27934664487838745
0.24873463809490204
0.246250718832016
0.2547065019607544

val_f1_score
0.008567052893340588
0.0
0.0
0.0
0.0
0.0
0.0
0.0
0.0
0.0

val_iou_score
0.0
0.0
0.0
0.0
0.0
0.0
0.0
0.0
0.0
0.0

val_loss
0.46631401777267456
0.39430156350135803
0.34266549348831177
0.2675497233867645
0.2615484595298767
0.27568021416664124
0.27934664487838745
0.24873463809490204
0.246250718832016
0.2547065019607544

val_recall
0.004376914817839861
0.0
0.0
0.0
0.0
0.0
0.0
0.0
0.0
0.0

