accuracy
0.18448621034622192
0.6296022534370422
0.6915934085845947
0.6915932893753052
0.6915932893753052
0.69159334897995
0.6939037442207336
0.7296106815338135
0.8430570363998413
0.9083353877067566

f1_score
0.07899346947669983
0.15866394340991974
0.18461549282073975
0.18461549282073975
0.18461549282073975
0.18461549282073975
0.1633213460445404
0.14046093821525574
0.07545345276594162
0.061422932893037796

iou_score
0.046673573553562164
0.08694551885128021
0.10055644810199738
0.10567758232355118
0.08140510320663452
0.1119048148393631
0.11069735884666443
0.0646151527762413
0.038753338158130646
0.034756943583488464

loss
0.7730758786201477
0.744071364402771
0.7190501093864441
0.6860928535461426
0.6734287738800049
0.6472808122634888
0.6042211651802063
0.588433027267456
0.5651291012763977
0.5393716096878052

recall
0.9995070099830627
0.9981666207313538
0.9978277087211609
0.9978277087211609
0.9978277087211609
0.9978277087211609
0.8538239002227783
0.6314013600349426
0.18302828073501587
0.08572132885456085

val_accuracy
0.4980415105819702
0.5554971098899841
0.5555627942085266
0.5555627942085266
0.5556392669677734
0.5598301887512207
0.5961010456085205
0.6850525736808777
0.8015252947807312
0.867011308670044

val_f1_score
0.18291936814785004
0.2014474868774414
0.2014712542295456
0.2014712542295456
0.20144522190093994
0.19704928994178772
0.17380103468894958
0.14517204463481903
0.15192216634750366
0.14378929138183594

val_iou_score
0.10507147759199142
0.11829213052988052
0.11830418556928635
0.11830418556928635
0.11828792840242386
0.11475146561861038
0.10104578733444214
0.08384528756141663
0.08221373707056046
0.07142286747694016

val_loss
0.7775014042854309
0.7539723515510559
0.7311367392539978
0.7083497643470764
0.685074508190155
0.6608861088752747
0.6353046894073486
0.6078067421913147
0.5779354572296143
0.5454130172729492

val_recall
0.9977640509605408
0.99563068151474
0.99563068151474
0.99563068151474
0.9952983856201172
0.9591171145439148
0.7544072866439819
0.47490614652633667
0.3156864643096924
0.1983015090227127

