accuracy
0.4167250096797943
0.6311728358268738
0.8464476466178894
0.9341563582420349
0.9455580711364746
0.945792019367218
0.945792019367218
0.945792019367218
0.9457967877388
0.945849597454071
0.9458155035972595
0.9458117485046387
0.9458011984825134
0.9458284378051758
0.9458373188972473
0.9458221793174744

loss
1.5647517442703247
0.6879069209098816
0.4565028250217438
0.33868148922920227
0.273172527551651
0.23556970059871674
0.2166062444448471
0.20460091531276703
0.19795285165309906
0.19411246478557587
0.19113938510417938
0.1897106021642685
0.18893148005008698
0.187686026096344
0.18681824207305908
0.1858382374048233

val_accuracy
0.39264705777168274
0.9440942406654358
0.7824391722679138
0.8493195176124573
0.9431061148643494
0.9558687210083008
0.9460482597351074
0.9399372935295105
0.9375091195106506
0.936794102191925
0.9366529583930969
0.9374003410339355
0.9430920481681824
0.9489238858222961
0.9542643427848816
0.955624520778656

val_loss
2.038973093032837
0.3887900412082672
0.6307013630867004
0.5399001240730286
0.4737032949924469
0.4224514067173004
0.37707358598709106
0.333298921585083
0.31069400906562805
0.2895837426185608
0.27030786871910095
0.24954965710639954
0.23265744745731354
0.2199171483516693
0.2093379944562912
0.20358885824680328

learning_rate
0.0010000000474974513
0.0010000000474974513
0.0010000000474974513
0.0010000000474974513
0.0010000000474974513
0.0010000000474974513
0.0010000000474974513
0.0010000000474974513
0.0010000000474974513
0.0010000000474974513
0.0005000000237487257
0.0005000000237487257
0.0005000000237487257
0.0005000000237487257
0.0005000000237487257
0.0005000000237487257

