accuracy
0.7943413257598877
0.9557048678398132
0.9557048678398132
0.9557048678398132
0.9557048678398132
0.9557048678398132
0.9557048678398132
0.9557048678398132
0.9557048678398132
0.9557048678398132

f1_score
0.19407548010349274
0.0
0.0
0.0
0.0
0.0
0.0
0.0
0.0
0.0

iou_score
0.06459763646125793
0.0
0.0
0.0
0.0
0.0
0.0
0.0
0.0
0.0

loss
0.6516125798225403
0.41307705640792847
0.22418837249279022
0.2797386646270752
0.27712497115135193
0.21864795684814453
0.2014126479625702
0.21704554557800293
0.2150733321905136
0.1946372091770172

recall
0.5590329170227051
0.0
0.0
0.0
0.0
0.0
0.0
0.0
0.0
0.0

val_accuracy
0.944300651550293
0.9444636702537537
0.9444636702537537
0.9444636702537537
0.9444636702537537
0.9444636702537537
0.9444636702537537
0.9444636702537537
0.9444636702537537
0.9444636702537537

val_f1_score
0.003172102849930525
0.0
0.0
0.0
0.0
0.0
0.0
0.0
0.0
0.0

val_iou_score
0.0012835407396778464
0.0
0.0
0.0
0.0
0.0
0.0
0.0
0.0
0.0

val_loss
0.49857646226882935
0.25718042254447937
0.27821868658065796
0.3026077151298523
0.24518200755119324
0.21930593252182007
0.23822233080863953
0.24512514472007751
0.22801941633224487
0.2168748527765274

val_recall
0.0015957694267854095
0.0
0.0
0.0
0.0
0.0
0.0
0.0
0.0
0.0

