accuracy
0.8426224589347839
0.932498574256897
0.9325823783874512
0.9331186413764954
0.9331994652748108
0.9333204030990601
0.933962881565094
0.9347920417785645
0.9346730709075928
0.9373552203178406
0.9377657175064087
0.9390196800231934
0.9409939646720886
0.9421842098236084
0.9433318972587585
0.944817304611206
0.9455248117446899
0.9469615817070007
0.9466370344161987
0.9476470351219177
0.9500682950019836
0.9500070214271545
0.9509516954421997
0.9508895874023438
0.951205313205719
0.9512970447540283
0.9514893293380737
0.9514412879943848
0.9517661333084106
0.9519326090812683
0.952311635017395
0.9522225856781006
0.9523402452468872
0.9523362517356873
0.9527204036712646
0.9527032971382141

loss
0.5170031189918518
0.2176951766014099
0.20846055448055267
0.19893066585063934
0.19418677687644958
0.18884700536727905
0.18822073936462402
0.18197552859783173
0.17803522944450378
0.17125123739242554
0.1671765148639679
0.16161121428012848
0.15912964940071106
0.15389670431613922
0.1508970856666565
0.14619572460651398
0.1451469212770462
0.13968375325202942
0.13948088884353638
0.13725127279758453
0.13086046278476715
0.13113483786582947
0.1294752061367035
0.12797674536705017
0.12854741513729095
0.1262512058019638
0.12865783274173737
0.12627080082893372
0.12459691613912582
0.12350651621818542
0.12268013507127762
0.12413302809000015
0.122898630797863
0.12206670641899109
0.12220390886068344
0.12119343876838684

val_accuracy
0.8522546291351318
0.9226194024085999
0.9067522287368774
0.9223625063896179
0.9158077836036682
0.9240690469741821
0.9253455400466919
0.9253416657447815
0.9255626201629639
0.9253751635551453
0.9252311587333679
0.9251827001571655
0.9258019924163818
0.9255265593528748
0.9254608154296875
0.9259681701660156
0.9257944226264954
0.9254769086837769
0.9255197644233704
0.9257850646972656
0.9256893992424011
0.9259648323059082
0.9258637428283691
0.9260377287864685
0.9259964823722839
0.9260503649711609
0.9260408878326416
0.9259994626045227
0.9258874654769897
0.9256261587142944
0.9258595108985901
0.9253862500190735
0.9254332780838013
0.9248383045196533
0.9246203899383545
0.9247413873672485

val_loss
1.5319077968597412
0.3805239796638489
0.367337703704834
0.29226410388946533
0.271258682012558
0.2610388696193695
0.25749486684799194
0.2764680087566376
0.2558099329471588
0.24863216280937195
0.25898876786231995
0.24459582567214966
0.24734704196453094
0.24943780899047852
0.24981361627578735
0.23743587732315063
0.2541532814502716
0.2505950927734375
0.26652130484580994
0.24082913994789124
0.24812918901443481
0.24640804529190063
0.2544846832752228
0.2519794702529907
0.2524312138557434
0.251897394657135
0.2540866434574127
0.25812411308288574
0.2573058009147644
0.25448501110076904
0.2708039879798889
0.2560458481311798
0.26182156801223755
0.25653278827667236
0.2551330327987671
0.25736004114151

learning_rate
0.0010000000474974513
0.0010000000474974513
0.0010000000474974513
0.0010000000474974513
0.0010000000474974513
0.0010000000474974513
0.0010000000474974513
0.0010000000474974513
0.0010000000474974513
0.0010000000474974513
0.0005000000237487257
0.0005000000237487257
0.0005000000237487257
0.0005000000237487257
0.0005000000237487257
0.0005000000237487257
0.0005000000237487257
0.0005000000237487257
0.0005000000237487257
0.0005000000237487257
9.999999747378752e-05
9.999999747378752e-05
9.999999747378752e-05
9.999999747378752e-05
9.999999747378752e-05
9.999999747378752e-05
9.999999747378752e-05
9.999999747378752e-05
9.999999747378752e-05
9.999999747378752e-05
9.999999747378752e-05
9.999999747378752e-05
9.999999747378752e-05
9.999999747378752e-05
9.999999747378752e-05
9.999999747378752e-05

