disease_segmentation_accuracy
0.6418120861053467
0.7046657800674438
0.7351932525634766
0.7627619504928589
0.7768421173095703
0.7898905277252197
0.8019436597824097
0.8081563115119934
0.8135057091712952
0.8204836249351501

disease_segmentation_binary_crossentropy
0.6908884644508362
0.6108472347259521
0.5569064021110535
0.5129730701446533
0.4833486080169678
0.4637576937675476
0.4415372908115387
0.4300265312194824
0.41686615347862244
0.4053431451320648

disease_segmentation_f1_score
0.43090662360191345
0.5301231145858765
0.5910832285881042
0.6432570219039917
0.6721677184104919
0.6972362995147705
0.7189343571662903
0.7303091287612915
0.7399227619171143
0.7514770030975342

disease_segmentation_recall
0.35143032670021057
0.4305552542209625
0.49315789341926575
0.5495239496231079
0.5861982703208923
0.6186366081237793
0.6460168361663818
0.6615543961524963
0.6745361089706421
0.6890113353729248

leaf_segmentation_accuracy
0.13654641807079315
0.13790202140808105
0.1411401778459549
0.14868783950805664
0.1553983986377716
0.1639399230480194
0.17235587537288666
0.18573518097400665
0.20257195830345154
0.21530647575855255

leaf_segmentation_binary_crossentropy
1.2581430673599243
1.2429330348968506
1.230750322341919
1.2199245691299438
1.2013819217681885
1.1889055967330933
1.1694999933242798
1.155712366104126
1.1437710523605347
1.125332236289978

leaf_segmentation_f1_score
0.16316424310207367
0.16470704972743988
0.16550566256046295
0.16710245609283447
0.16858331859111786
0.17061971127986908
0.17237448692321777
0.17430846393108368
0.17699256539344788
0.1796835958957672

leaf_segmentation_recall
0.94557785987854
0.9546507000923157
0.956566572189331
0.9588105082511902
0.9610848426818848
0.9647810459136963
0.9665488004684448
0.9635279774665833
0.9607478380203247
0.9622608423233032

loss
1.9490314722061157
1.8537803888320923
1.7876567840576172
1.7328979969024658
1.6847305297851562
1.6526634693145752
1.611037254333496
1.5857388973236084
1.5606372356414795
1.5306754112243652

val_disease_segmentation_accuracy
0.5762007832527161
0.5932354927062988
0.6100956201553345
0.6232381463050842
0.6417495012283325
0.6657627820968628
0.69500732421875
0.7183656096458435
0.7391551733016968
0.7548556327819824

val_disease_segmentation_binary_crossentropy
0.6961728930473328
0.6756479740142822
0.6619694828987122
0.6508408784866333
0.6388050317764282
0.6213119029998779
0.5996811985969543
0.5805960893630981
0.5638148188591003
0.5485407710075378

val_disease_segmentation_f1_score
0.5622410774230957
0.6089423298835754
0.6372238993644714
0.6522176861763
0.664905846118927
0.6813685297966003
0.6999874711036682
0.7151416540145874
0.7296102046966553
0.7408023476600647

val_disease_segmentation_recall
0.6727907657623291
0.779391884803772
0.8398981094360352
0.8647708892822266
0.8687530755996704
0.8715676069259644
0.865534782409668
0.8582610487937927
0.852689266204834
0.8475030064582825

val_leaf_segmentation_accuracy
0.05246569216251373
0.06209268793463707
0.07050751149654388
0.07900560647249222
0.08888047188520432
0.10149901360273361
0.11329203099012375
0.12576515972614288
0.13435107469558716
0.14306028187274933

val_leaf_segmentation_binary_crossentropy
1.6639991998672485
1.469720482826233
1.3504178524017334
1.2725251913070679
1.2057604789733887
1.1561791896820068
1.1208161115646362
1.0930179357528687
1.076017141342163
1.0580260753631592

val_leaf_segmentation_f1_score
0.15991711616516113
0.15987609326839447
0.15932394564151764
0.15903843939304352
0.1576259583234787
0.15671750903129578
0.1568816900253296
0.15732599794864655
0.1580025553703308
0.15860728919506073

val_leaf_segmentation_recall
0.9904352426528931
0.9800819754600525
0.9674397110939026
0.9566914439201355
0.9368938207626343
0.9179762005805969
0.9071651697158813
0.897393524646759
0.8930003046989441
0.8878864049911499

val_loss
2.3601722717285156
2.1453683376312256
2.012387275695801
1.9233659505844116
1.8445656299591064
1.7774912118911743
1.7204973697662354
1.6736139059066772
1.6398319005966187
1.6065670251846313

