disease_segmentation_accuracy
0.7977098226547241
0.8826937675476074
0.8994351029396057
0.9136275053024292
0.9229890704154968
0.9266144037246704
0.9311691522598267
0.9352738857269287
0.9369479417800903
0.9385484457015991

disease_segmentation_binary_crossentropy
0.4290708005428314
0.269676148891449
0.22865550220012665
0.19565671682357788
0.178020179271698
0.1652912199497223
0.15361344814300537
0.14297905564308167
0.13841117918491364
0.13362082839012146

disease_segmentation_f1_score
0.7563619017601013
0.8444777727127075
0.8740262985229492
0.8907071948051453
0.9061103463172913
0.9118695855140686
0.9159297347068787
0.9229000806808472
0.9251702427864075
0.9275280833244324

disease_segmentation_iou_score
0.7352805137634277
0.7352805137634277
0.7352805137634277
0.7352805137634277
0.7352805137634277
0.7352805137634277
0.7352805137634277
0.7352805137634277
0.7352805137634277
0.7352805137634277

disease_segmentation_recall
0.791651725769043
0.7935672402381897
0.851693868637085
0.8555861711502075
0.8860131502151489
0.8961888551712036
0.8903772234916687
0.9052830338478088
0.9076961278915405
0.9121180176734924

leaf_segmentation_accuracy
0.8188742995262146
0.9237744212150574
0.9310631155967712
0.9325075149536133
0.936646580696106
0.9400597810745239
0.9407264590263367
0.9415584206581116
0.9420595169067383
0.9382933378219604

leaf_segmentation_binary_crossentropy
0.4836553633213043
0.278613418340683
0.21081623435020447
0.18504548072814941
0.16531485319137573
0.14095190167427063
0.13554546236991882
0.1294509917497635
0.12288252264261246
0.13667474687099457

leaf_segmentation_f1_score
0.3825604319572449
0.5520508289337158
0.523642897605896
0.5411198735237122
0.5567583441734314
0.5592590570449829
0.5862817764282227
0.5887437462806702
0.5793582201004028
0.5761510133743286

leaf_segmentation_recall
0.6057491302490234
0.49763768911361694
0.4115225374698639
0.43124282360076904
0.43048393726348877
0.4159025251865387
0.4523845613002777
0.4508986473083496
0.43384191393852234
0.4518680274486542

loss
0.9127262234687805
0.5482895374298096
0.4394717812538147
0.3807021975517273
0.34333503246307373
0.30624309182167053
0.2891589105129242
0.27243003249168396
0.2612937092781067
0.27029556035995483

val_disease_segmentation_accuracy
0.38316014409065247
0.41873329877853394
0.5433475375175476
0.6165968179702759
0.6848013401031494
0.7392160296440125
0.7848854064941406
0.8199383020401001
0.8374515771865845
0.8559655547142029

val_disease_segmentation_binary_crossentropy
3.061439037322998
1.949838399887085
1.4518858194351196
1.244117259979248
0.9989256858825684
0.7937753200531006
0.6188662648200989
0.4898669719696045
0.4263513684272766
0.3510487675666809

val_disease_segmentation_f1_score
0.5686704516410828
0.5835216045379639
0.641630232334137
0.6810446977615356
0.7220234274864197
0.7590478658676147
0.7917459011077881
0.8190197944641113
0.8326494097709656
0.8466072082519531

val_disease_segmentation_iou_score
0.7352805137634277
0.7352805137634277
0.7352805137634277
0.7352805137634277
0.7352805137634277
0.7352805137634277
0.7352805137634277
0.7352805137634277
0.7352805137634277
0.7352805137634277

val_disease_segmentation_recall
1.0
0.9999632239341736
0.9973357915878296
0.993099570274353
0.9862322807312012
0.9814380407333374
0.9687802791595459
0.9570894241333008
0.9461025595664978
0.9267220497131348

val_leaf_segmentation_accuracy
0.9089259505271912
0.8837721347808838
0.9036312699317932
0.9126888513565063
0.9130541682243347
0.913300096988678
0.9141137003898621
0.9147747755050659
0.9143385887145996
0.9139091372489929

val_leaf_segmentation_binary_crossentropy
0.4101656973361969
0.39200758934020996
0.4217214584350586
0.4234590530395508
0.3523296117782593
0.32369160652160645
0.2858412265777588
0.2744712233543396
0.26905888319015503
0.25313857197761536

val_leaf_segmentation_f1_score
0.02962607517838478
0.23329022526741028
0.03394171968102455
0.004303502384573221
0.027630362659692764
0.0342014841735363
0.1161961480975151
0.1889825165271759
0.33384251594543457
0.08422629535198212

val_leaf_segmentation_recall
0.015835989266633987
0.1904449164867401
0.019280804321169853
0.0021616844460368156
0.014097500592470169
0.017506767064332962
0.06331856548786163
0.10951632261276245
0.22566327452659607
0.04469287022948265

val_loss
3.471604824066162
2.341845989227295
1.8736072778701782
1.6675764322280884
1.3512554168701172
1.117466926574707
0.9047075510025024
0.7643381357192993
0.6954102516174316
0.6041873693466187

