accuracy
0.39540398120880127
0.5665266513824463
0.7313706874847412
0.8374163508415222
0.883274495601654
0.9019944667816162
0.9200278520584106
0.9172744750976562
0.9234449863433838
0.9352158308029175

f1_score
0.5212723612785339
0.5714911222457886
0.6818825006484985
0.7855786681175232
0.8352054953575134
0.858012318611145
0.8822190761566162
0.8772968649864197
0.8867402672767639
0.9034534692764282

iou_score
0.3769312798976898
0.4048983156681061
0.501328706741333
0.6420542597770691
0.7176664471626282
0.7308115363121033
0.7830427289009094
0.7402613162994385
0.7802808284759521
0.8095771074295044

loss
0.7199710607528687
0.663196325302124
0.6152397394180298
0.5557563304901123
0.5073910355567932
0.48535478115081787
0.4383678436279297
0.44231975078582764
0.39777839183807373
0.36319395899772644

recall
0.958186686038971
0.8414353132247925
0.8380768299102783
0.8669768571853638
0.8610433340072632
0.8619896769523621
0.8718652725219727
0.8608731031417847
0.8723760843276978
0.8823615312576294

val_accuracy
0.5879743695259094
0.6705521941184998
0.748507559299469
0.8024889826774597
0.831786036491394
0.8441091179847717
0.8504893183708191
0.8570979833602905
0.8601706624031067
0.8598712682723999

val_f1_score
0.6774402856826782
0.71686190366745
0.7674311995506287
0.807395339012146
0.8314775228500366
0.8408860564231873
0.8453893065452576
0.8515496253967285
0.8539350032806396
0.8521840572357178

val_iou_score
0.5058737397193909
0.5533820986747742
0.6186306476593018
0.6749654412269592
0.7103116512298584
0.7246429324150085
0.7318665385246277
0.7408415675163269
0.7444391250610352
0.7420013546943665

val_loss
0.6415449976921082
0.6113871932029724
0.5781121253967285
0.5462217330932617
0.5167518258094788
0.49243465065956116
0.4716184139251709
0.45245346426963806
0.4368160665035248
0.42535313963890076

val_recall
0.8648356795310974
0.8336281180381775
0.8293955326080322
0.8274834752082825
0.8294750452041626
0.8233757615089417
0.8170303702354431
0.8192484974861145
0.8170064091682434
0.8073982000350952

