accuracy
0.8582606315612793
0.9283985495567322
0.9283985495567322
0.9283985495567322
0.928398609161377
0.928398609161377
0.928398609161377
0.9283985495567322
0.928398609161377
0.928398609161377

binary_crossentropy
0.508264422416687
0.3389021158218384
0.27594929933547974
0.23981723189353943
0.23088392615318298
0.22467494010925293
0.21859750151634216
0.2144990712404251
0.21422047913074493
0.21095505356788635

f1_score
0.087273970246315
0.0
0.0
0.0
0.0
0.0
0.0
0.0
0.0
0.0

loss
0.508264422416687
0.3389021158218384
0.27594929933547974
0.23981723189353943
0.23088392615318298
0.22467494010925293
0.21859750151634216
0.2144990712404251
0.21422047913074493
0.21095505356788635

recall
0.09464191645383835
0.0
0.0
0.0
0.0
0.0
0.0
0.0
0.0
0.0

val_accuracy
0.9336809515953064
0.9336809515953064
0.9336809515953064
0.9336809515953064
0.9336809515953064
0.9336809515953064
0.9336809515953064
0.9336809515953064
0.9336809515953064
0.9336809515953064

val_binary_crossentropy
0.4334370493888855
0.36252495646476746
0.2668095529079437
0.27573952078819275
0.24316564202308655
0.2379835844039917
0.237031489610672
0.24191853404045105
0.2692165672779083
0.24679791927337646

val_f1_score
0.0
0.0
0.0
0.0
0.0
0.0
0.0
0.0
0.0
0.0

val_loss
0.4334370493888855
0.36252495646476746
0.2668095529079437
0.27573952078819275
0.24316564202308655
0.2379835844039917
0.237031489610672
0.24191853404045105
0.2692165672779083
0.24679791927337646

val_recall
0.0
0.0
0.0
0.0
0.0
0.0
0.0
0.0
0.0
0.0

