accuracy
0.9127206206321716
0.936071515083313
0.936071515083313
0.936071515083313
0.936071515083313
0.9360714554786682
0.9360715746879578
0.936071515083313
0.9360714554786682
0.9360716938972473

f1_score
0.10222893208265305
0.0
0.0
0.0
0.0
0.0
0.0
0.0
0.0
0.0

iou_score
0.017716001719236374
0.0
0.0
0.0
0.0
0.0
0.0
0.0
0.0
0.0

loss
0.6290830373764038
0.47651562094688416
0.32433605194091797
0.2973366379737854
0.28315645456314087
0.28100717067718506
0.26621493697166443
0.2600996792316437
0.25713497400283813
0.24933145940303802

recall
0.077731192111969
0.0
0.0
0.0
0.0
0.0
0.0
0.0
0.0
0.0

val_accuracy
0.8757006525993347
0.8757006525993347
0.8757006525993347
0.8757006525993347
0.8757006525993347
0.8757006525993347
0.8757006525993347
0.8757006525993347
0.8757006525993347
0.8757006525993347

val_f1_score
0.0
0.0
0.0
0.0
0.0
0.0
0.0
0.0
0.0
0.0

val_iou_score
0.0
0.0
0.0
0.0
0.0
0.0
0.0
0.0
0.0
0.0

val_loss
0.5841255187988281
0.458882212638855
0.4948568344116211
0.4830480217933655
0.44308945536613464
0.43794769048690796
0.4215299189090729
0.4149112105369568
0.4032503366470337
0.4012429714202881

val_recall
0.0
0.0
0.0
0.0
0.0
0.0
0.0
0.0
0.0
0.0

