accuracy
0.8105641007423401
0.9271959662437439
0.9456937313079834
0.9523281455039978
0.9540843963623047
0.9586933255195618
0.9611093997955322
0.9618276953697205
0.9629013538360596
0.964201807975769

f1_score
0.7639060020446777
0.9070114493370056
0.9301966428756714
0.9387178421020508
0.94142085313797
0.9469410181045532
0.9501858949661255
0.9510290026664734
0.9525284171104431
0.9540608525276184

iou_score
0.6393542885780334
0.8302173018455505
0.8695718050003052
0.8847766518592834
0.8894323110580444
0.8990922570228577
0.9049404859542847
0.9072411060333252
0.9090633988380432
0.9123271107673645

loss
0.46874549984931946
0.20930904150009155
0.13552454113960266
0.11285674571990967
0.10674671083688736
0.09548056870698929
0.08955112099647522
0.08704789727926254
0.08491578698158264
0.08122920989990234

recall
0.785158634185791
0.909659743309021
0.9270203113555908
0.9354145526885986
0.9452373385429382
0.9443310499191284
0.9502590894699097
0.9496097564697266
0.9535455703735352
0.9523477554321289

val_accuracy
0.9172126054763794
0.9317077398300171
0.9274054765701294
0.9380923509597778
0.9331644773483276
0.934344470500946
0.9420182704925537
0.9513990879058838
0.9380232095718384
0.9519059658050537

val_f1_score
0.9031844735145569
0.9167840480804443
0.9080497026443481
0.9230884909629822
0.9153695702552795
0.916850745677948
0.927326500415802
0.9407127499580383
0.9213860630989075
0.9409748911857605

val_iou_score
0.8230131268501282
0.84791100025177
0.8347816467285156
0.8601382970809937
0.8477851152420044
0.8506683111190796
0.868464469909668
0.8920929431915283
0.8588252067565918
0.8924412131309509

val_loss
0.27912867069244385
0.19225719571113586
0.18304118514060974
0.1526983380317688
0.16973240673542023
0.16517704725265503
0.14145074784755707
0.11335037648677826
0.15487530827522278
0.11190101504325867

val_recall
0.922508955001831
0.8986837267875671
0.8563188910484314
0.8875058889389038
0.8634797930717468
0.8647418022155762
0.8837358951568604
0.9211180806159973
0.8676531314849854
0.9158138632774353

