loss
0.965522825717926
0.7710486054420471
0.6833392381668091
0.6655712127685547
0.9508048892021179
0.7721689343452454
0.6745331287384033
0.6355003118515015
0.6105396747589111
0.6538063883781433
0.6760257482528687
0.6465467810630798
0.7666236162185669
0.7092716097831726
0.6897196769714355
0.656645655632019
0.6296374797821045
0.6733776926994324
0.97114098072052
0.8854429721832275
0.7990779876708984
0.7438246011734009
0.739767849445343
0.8655550479888916
1.067531704902649
0.9214518070220947
0.7398459911346436
0.7420994639396667
0.6825206279754639
0.6334318518638611
0.8318374156951904
0.7368910908699036
0.6833529472351074
0.6434279084205627
0.6122909188270569
0.6366444826126099
0.6154605746269226
0.5998116731643677
0.5907378792762756
0.5946793556213379
0.6262803673744202
0.6108956336975098
0.5972175002098083
0.584735095500946
0.5818648934364319
0.5894727110862732
0.585146427154541
0.5835909843444824
0.5876885652542114
0.5745174884796143

accuracy
0.9042477607727051
0.8600649833679199
0.8833451867103577
0.8847949504852295
0.8821354508399963
0.8763412237167358
0.8739654421806335
0.8941500782966614
0.8946086168289185
0.9023661613464355
0.8972442746162415
0.8990895748138428
0.9056355953216553
0.8666285872459412
0.8503126502037048
0.8769009113311768
0.8873612880706787
0.8836364150047302
0.8641738295555115
0.8562046885490417
0.8456152081489563
0.8669172525405884
0.8801468014717102
0.8823480010032654
0.8882986307144165
0.8866477012634277
0.8896898031234741
0.8922753930091858
0.894701361656189
0.899417519569397
0.8789710998535156
0.8842654228210449
0.8920990228652954
0.89058518409729
0.8947169780731201
0.8904527425765991
0.8926303386688232
0.9020462036132812
0.9005186557769775
0.903248131275177
0.8978083729743958
0.9006999731063843
0.9037638902664185
0.9085376262664795
0.912579357624054
0.9037184119224548
0.908643364906311
0.9070284366607666
0.9076404571533203
0.9112303853034973

mean_io_u_301
0.49937704205513
0.5690271258354187
0.5926004648208618
0.5880916118621826
0.5716924667358398
0.574911892414093
0.57673579454422
0.573856770992279
0.5748100280761719
0.5792506337165833
0.5808833837509155
0.5835402011871338
0.5853971242904663
0.5512135624885559
0.5405238270759583
0.5290488600730896
0.5253756046295166
0.5236943960189819
0.5668948888778687
0.5542545318603516
0.5475834012031555
0.555543065071106
0.5610243678092957
0.5687772035598755
0.5830401182174683
0.5841425657272339
0.5927086472511292
0.5911677479743958
0.5870765447616577
0.5654236078262329
0.565730094909668
0.5857750177383423
0.5925961136817932
0.5652103424072266
0.5462209582328796
0.5726053714752197
0.580254852771759
0.5533390045166016
0.5269006490707397
0.532215416431427
0.5478390455245972
0.5313054323196411
0.5315163731575012
0.5245606899261475
0.5154297947883606
0.5328865051269531
0.5592871308326721
0.5513124465942383
0.5404258370399475
0.5347563624382019

val_loss
0.9839084148406982
0.7246167659759521
0.8224648237228394
0.7715201377868652
0.976163923740387
0.7664583325386047
0.677731990814209
0.664375901222229
0.6583724021911621
0.6940209865570068
0.6866852045059204
0.9024755954742432
1.034724473953247
0.8912025690078735
0.7969547510147095
0.7301357388496399
0.8394473791122437
0.9684844017028809
0.9323550462722778
0.8383200168609619
0.8158701062202454
0.7174159288406372
0.8430417776107788
1.028910756111145
1.1771188974380493
0.9206637740135193
1.0947446823120117
0.929322361946106
0.7798104882240295
0.7638916969299316
1.0754916667938232
0.9559301137924194
0.8783477544784546
0.7060351371765137
0.651914119720459
0.6682384610176086
0.6525131464004517
0.6312693953514099
0.783150315284729
0.6447231769561768
0.7002348303794861
0.7107075452804565
0.6640585064888
0.7755805850028992
0.6544173955917358
0.6780864000320435
0.714902400970459
0.7496384382247925
0.7148012518882751
0.6913749575614929

val_accuracy
0.9230005145072937
0.901462733745575
0.927028477191925
0.9031944274902344
0.7713145613670349
0.8413349986076355
0.8812945485115051
0.8916056752204895
0.8787133693695068
0.8881831169128418
0.8434295654296875
0.5608856081962585
0.9036036729812622
0.8750761151313782
0.9063050746917725
0.8669323921203613
0.9045405387878418
0.4718173146247864
0.7752403020858765
0.7988017201423645
0.7564254999160767
0.8331849575042725
0.8008518815040588
0.8719514608383179
0.9046396017074585
0.8898892402648926
0.856904923915863
0.8925944566726685
0.8531488180160522
0.7755743265151978
0.8438511490821838
0.6720178127288818
0.8340945243835449
0.785256028175354
0.856721818447113
0.9097343683242798
0.909749448299408
0.9206880331039429
0.9317215085029602
0.9251399040222168
0.9237600564956665
0.9246302843093872
0.9262310862541199
0.9287318587303162
0.9131475687026978
0.9194375872612
0.932210385799408
0.9286730885505676
0.930149257183075
0.926064133644104

val_mean_io_u_301
0.46294012665748596
0.5552749633789062
0.5084415674209595
0.5072256326675415
0.4815238118171692
0.5299385190010071
0.5426455736160278
0.48817458748817444
0.47055384516716003
0.5540733337402344
0.5909141302108765
0.41926565766334534
0.45950284600257874
0.4974837303161621
0.4635712504386902
0.4762474298477173
0.46294012665748596
0.3356437087059021
0.5339279174804688
0.5297651290893555
0.523604154586792
0.5716572999954224
0.5302375555038452
0.5584591031074524
0.48959046602249146
0.5197101831436157
0.4495755434036255
0.48617637157440186
0.4900265336036682
0.5231290459632874
0.4840841293334961
0.39887934923171997
0.49773404002189636
0.5519349575042725
0.4853479862213135
0.507418155670166
0.4786134958267212
0.46294012665748596
0.46294012665748596
0.46294012665748596
0.46301576495170593
0.46294012665748596
0.46294012665748596
0.46294012665748596
0.46294012665748596
0.4691868722438812
0.46294012665748596
0.46294012665748596
0.46294012665748596
0.46294012665748596

