accuracy
0.7249000072479248
0.8844375014305115
0.9088147282600403
0.9202072620391846
0.9305617809295654
0.9356486201286316
0.9408551454544067
0.944438099861145
0.9465222954750061
0.9478190541267395

f1_score
0.7007617950439453
0.8475194573402405
0.8788468837738037
0.8945415616035461
0.9099922180175781
0.9166802763938904
0.9234111905097961
0.9281764030456543
0.9308505654335022
0.9326620697975159

iou_score
0.5654923915863037
0.736371636390686
0.784119725227356
0.8094793558120728
0.8344773650169373
0.845824122428894
0.8573448657989502
0.8658567667007446
0.8702320456504822
0.8728200197219849

loss
0.5836039781570435
0.4010713994503021
0.2982199490070343
0.2448866218328476
0.20923852920532227
0.18851548433303833
0.17191757261753082
0.15793228149414062
0.1492689996957779
0.14132843911647797

recall
0.8255864977836609
0.8231341242790222
0.8476619720458984
0.8673645853996277
0.899652898311615
0.9072905778884888
0.913829505443573
0.9201534986495972
0.9225360155105591
0.9261795878410339

val_accuracy
0.8692233562469482
0.9089066982269287
0.9175706505775452
0.9175052046775818
0.9126376509666443
0.9149098992347717
0.9199286699295044
0.9181765913963318
0.9224985837936401
0.9131910800933838

val_f1_score
0.8584303855895996
0.8939133286476135
0.9007976651191711
0.8973390460014343
0.8884819746017456
0.8915287256240845
0.8988258838653564
0.895672619342804
0.9019103050231934
0.8874831795692444

val_iou_score
0.7525956630706787
0.8107644319534302
0.8227793574333191
0.8178538084030151
0.8045477867126465
0.8096706867218018
0.8213075399398804
0.8162667751312256
0.8260453343391418
0.8030567765235901

val_loss
0.42307108640670776
0.30573880672454834
0.25574496388435364
0.23652109503746033
0.2396048903465271
0.23155628144741058
0.21726112067699432
0.2188837230205536
0.2053246945142746
0.22949829697608948

val_recall
0.9439981579780579
0.9137488007545471
0.891031801700592
0.8583879470825195
0.8285794258117676
0.8325409293174744
0.8468167185783386
0.8362473249435425
0.8483118414878845
0.8151045441627502

