accuracy
0.766822874546051
0.861810564994812
0.8820348381996155
0.8936408162117004
0.9010027647018433
0.9078717827796936
0.9130719900131226
0.9193007946014404
0.921089231967926
0.9247882962226868

f1_score
0.7034160494804382
0.8341225385665894
0.8578550219535828
0.8716045618057251
0.881229043006897
0.8906397819519043
0.8971927165985107
0.9050646424293518
0.9071158766746521
0.9125084280967712

iou_score
0.5484146475791931
0.7131140232086182
0.7511535286903381
0.7721462845802307
0.7875483632087708
0.8028215169906616
0.8112936019897461
0.8260471820831299
0.8284429311752319
0.8388805389404297

loss
0.4844416081905365
0.3115312457084656
0.26256388425827026
0.2383057177066803
0.22192484140396118
0.20588843524456024
0.19714054465293884
0.18243344128131866
0.17861972749233246
0.16910792887210846

recall
0.6755048632621765
0.8272044658660889
0.8412498831748962
0.8489715456962585
0.8592356443405151
0.8714790940284729
0.8775994777679443
0.8846185207366943
0.8850563168525696
0.8944158554077148

val_accuracy
0.4300599694252014
0.48229873180389404
0.5700640082359314
0.6337013840675354
0.6801884174346924
0.7216464281082153
0.7525474429130554
0.7797486186027527
0.801726758480072
0.8259633183479309

val_f1_score
0.6057810187339783
0.6289284229278564
0.6720172166824341
0.706955075263977
0.7349531054496765
0.7618271112442017
0.7831365466117859
0.8027276396751404
0.8192616105079651
0.8382311463356018

val_iou_score
0.43231090903282166
0.45579439401626587
0.5014253854751587
0.5411213636398315
0.5749949812889099
0.6092477440834045
0.6388344764709473
0.6662042140960693
0.6897739171981812
0.7165354490280151

val_loss
1.3393936157226562
1.146799087524414
0.9522683024406433
0.828951358795166
0.7381091713905334
0.6465953588485718
0.5852216482162476
0.5278701782226562
0.4780304431915283
0.41893643140792847

val_recall
0.9997833371162415
0.9992379546165466
0.9977284073829651
0.995509684085846
0.9938114285469055
0.9917482137680054
0.9897627830505371
0.9868484139442444
0.9840418100357056
0.9799900650978088

