accuracy
0.864939272403717
0.9251981973648071
0.9251982569694519
0.9251981973648071
0.9251981973648071
0.9251981973648071
0.9251981377601624
0.9251981973648071
0.9251981973648071
0.9251981973648071
0.9251981973648071

loss
0.5571779012680054
0.2783876359462738
0.25417324900627136
0.23632413148880005
0.22180967032909393
0.22502930462360382
0.2174156755208969
0.21973957121372223
0.21746926009655
0.21387635171413422
0.2081356644630432

val_accuracy
0.917644739151001
0.917644739151001
0.917644739151001
0.917644739151001
0.917644739151001
0.917644739151001
0.917644739151001
0.917644739151001
0.917644739151001
0.917644739151001
0.917644739151001

val_loss
0.38156238198280334
0.5660616755485535
7.271738529205322
0.47373685240745544
0.3450160026550293
2.157898187637329
0.2729605734348297
0.24836130440235138
0.2504444420337677
0.24496908485889435
0.2289002537727356

learning_rate
0.0010000000474974513
0.0010000000474974513
0.0010000000474974513
0.0010000000474974513
0.0010000000474974513
0.0010000000474974513
0.0010000000474974513
0.0010000000474974513
0.0010000000474974513
0.0010000000474974513
0.0005000000237487257

