accuracy
0.45956185460090637
0.7717615365982056
0.7898139953613281
0.8599212765693665
0.8973409533500671
0.9084770679473877
0.917806088924408
0.9237647652626038
0.9279114007949829
0.930407702922821

f1_score
0.4013268053531647
0.6498512625694275
0.6641963720321655
0.8084946274757385
0.8734342455863953
0.8846905827522278
0.9019047021865845
0.9127475619316101
0.917251706123352
0.9181342124938965

iou_score
0.3324089050292969
0.51398104429245
0.5100842714309692
0.6930950880050659
0.7807682752609253
0.7963716387748718
0.8235377073287964
0.8344817161560059
0.8417573571205139
0.845845103263855

loss
1.0199494361877441
0.8038569688796997
0.5398551225662231
0.3068532943725586
0.22039030492305756
0.19489818811416626
0.17744117975234985
0.16450586915016174
0.15712445974349976
0.1522207409143448

recall
0.45804905891418457
0.5331262350082397
0.5256122946739197
0.7317120432853699
0.8494918346405029
0.8423548340797424
0.8844901919364929
0.913378119468689
0.9142376184463501
0.9014030694961548

val_accuracy
0.3868906497955322
0.3868906497955322
0.3868906497955322
0.3868906497955322
0.3868906497955322
0.3868906497955322
0.38702139258384705
0.3870723843574524
0.3869200348854065
0.3869554400444031

val_f1_score
0.5732832551002502
0.5732832551002502
0.5732832551002502
0.5732832551002502
0.5732832551002502
0.5732832551002502
0.5733367204666138
0.5733575820922852
0.5732952356338501
0.5733097195625305

val_iou_score
0.3953322172164917
0.3953322172164917
0.3953322172164917
0.3953322172164917
0.3953322172164917
0.3953322172164917
0.39538466930389404
0.3954054117202759
0.39534425735473633
0.39535850286483765

val_loss
122.95108795166016
70.66078186035156
67.37779235839844
142.511474609375
170.97735595703125
106.60173034667969
73.25051879882812
72.71810150146484
78.86089324951172
69.86298370361328

val_recall
1.0
1.0
1.0
1.0
1.0
1.0
1.0
1.0
1.0
1.0

