accuracy
0.796839714050293
0.8904644846916199
0.9113280177116394
0.9227330088615417
0.9284606575965881
0.9325810670852661
0.9387840628623962
0.9412303566932678
0.9437338709831238
0.9447746276855469

f1_score
0.7503839731216431
0.8591330051422119
0.8895334005355835
0.9030050039291382
0.9154424071311951
0.9164408445358276
0.9279839992523193
0.9312659502029419
0.9336047768592834
0.9352384209632874

iou_score
0.6293475031852722
0.7542850375175476
0.8014405369758606
0.8255929946899414
0.8419328927993774
0.8491965532302856
0.865880012512207
0.8718188405036926
0.8770594596862793
0.8798249959945679

loss
0.4309048056602478
0.24938878417015076
0.19888457655906677
0.17111460864543915
0.15768516063690186
0.144391268491745
0.1314646601676941
0.12447528541088104
0.11763457208871841
0.11381667852401733

recall
0.7719080448150635
0.8235923647880554
0.8637229800224304
0.8679660558700562
0.9053980112075806
0.8837649822235107
0.9122288227081299
0.9158920049667358
0.9131592512130737
0.9162810444831848

val_accuracy
0.3869226276874542
0.5196985602378845
0.6375885605812073
0.7264674305915833
0.7981851696968079
0.8020874857902527
0.8381984233856201
0.849859356880188
0.8617485165596008
0.8683286309242249

val_f1_score
0.5692975521087646
0.6290776133537292
0.6929125189781189
0.7495788931846619
0.8015192747116089
0.804064154624939
0.8329613208770752
0.8412021994590759
0.8503140211105347
0.855061948299408

val_iou_score
0.3940443992614746
0.4534668028354645
0.5227117538452148
0.5915136933326721
0.6638481020927429
0.6676621437072754
0.7094623446464539
0.7229245901107788
0.7398616075515747
0.7477187514305115

val_loss
2.9336531162261963
1.764749526977539
1.293265700340271
0.8115555644035339
0.5805988907814026
0.5710036754608154
0.44084984064102173
0.3843200206756592
0.3468950092792511
0.3193340599536896

val_recall
0.9999768733978271
0.9987568259239197
0.9935328960418701
0.9837481379508972
0.9658975601196289
0.96192467212677
0.9466974139213562
0.9319906234741211
0.9179867506027222
0.9088094234466553

