disease_segmentation_accuracy
0.604921817779541
0.8457584977149963
0.9007432460784912
0.9307287931442261
0.9350907206535339
0.9353647232055664
0.9462563991546631
0.9484265446662903
0.9562933444976807
0.9548799991607666

disease_segmentation_binary_crossentropy
0.5705762505531311
0.363760381937027
0.2417747676372528
0.188359797000885
0.1948373168706894
0.2667872905731201
0.14322370290756226
0.13385315239429474
0.12590040266513824
0.13335195183753967

disease_segmentation_f1_score
0.5286197066307068
0.7977972030639648
0.8655100464820862
0.9059275388717651
0.9130759239196777
0.9122299551963806
0.9272971749305725
0.9304952025413513
0.9419136643409729
0.9408637881278992

disease_segmentation_iou_score
0.5233887434005737
0.5233887434005737
0.5233887434005737
0.5233887434005737
0.5233887434005737
0.5233887434005737
0.5233887434005737
0.5233887434005737
0.5233887434005737
0.5233887434005737

disease_segmentation_recall
0.6307905912399292
0.8394025564193726
0.8661463856697083
0.8911895155906677
0.9039742946624756
0.9011088609695435
0.9094075560569763
0.9135352969169617
0.9230050444602966
0.92486572265625

leaf_segmentation_accuracy
0.7876851558685303
0.8527084589004517
0.8916419148445129
0.9122698903083801
0.9378570914268494
0.9454100131988525
0.9366647005081177
0.9519801735877991
0.9607072472572327
0.9618476033210754

leaf_segmentation_binary_crossentropy
0.5306081771850586
0.46941012144088745
0.43241915106773376
0.3845174312591553
0.3688431680202484
0.32176294922828674
0.30037200450897217
0.27545005083084106
0.2569088041782379
0.2490263283252716

leaf_segmentation_f1_score
0.15356101095676422
0.27249789237976074
0.3694923222064972
0.40824925899505615
0.4348471760749817
0.5283713340759277
0.5087965130805969
0.5527167320251465
0.5270366072654724
0.5069347023963928

leaf_segmentation_recall
0.4432411193847656
0.6196359395980835
0.6926069259643555
0.6540842652320862
0.5149897933006287
0.6312019228935242
0.6779128313064575
0.6053624153137207
0.46072155237197876
0.42177826166152954

loss
1.1011844873428345
0.8331705331802368
0.6741939187049866
0.5728772282600403
0.5636804699897766
0.5885502099990845
0.4435957074165344
0.4093031883239746
0.38280922174453735
0.3823782801628113

val_disease_segmentation_accuracy
0.49695855379104614
0.49707481265068054
0.49799156188964844
0.4979768395423889
0.4998587965965271
0.5057770609855652
0.5130687355995178
0.516816258430481
0.5332814455032349
0.5506929755210876

val_disease_segmentation_binary_crossentropy
2.182054042816162
2.288102149963379
2.1601407527923584
2.054560661315918
1.97390615940094
1.8511252403259277
1.7637540102005005
1.7570247650146484
1.758546233177185
1.730265736579895

val_disease_segmentation_f1_score
0.6718398332595825
0.6718528866767883
0.6722303032875061
0.6722696423530579
0.67311692237854
0.6756270527839661
0.6786647439002991
0.680604100227356
0.6882336735725403
0.6963281035423279

val_disease_segmentation_iou_score
0.5233887434005737
0.5233887434005737
0.5233887434005737
0.5233887434005737
0.5233887434005737
0.5233887434005737
0.5233887434005737
0.5233887434005737
0.5233887434005737
0.5233887434005737

val_disease_segmentation_recall
1.0
0.9998241066932678
0.9996824860572815
0.9998869895935059
0.9999118447303772
0.9992373585700989
0.9980464577674866
0.9990464448928833
0.999021589756012
0.998280942440033

val_leaf_segmentation_accuracy
0.9149622321128845
0.9254090189933777
0.9259418249130249
0.9262816905975342
0.9263073205947876
0.9263073205947876
0.9263073205947876
0.9263073205947876
0.9263073205947876
0.9263073205947876

val_leaf_segmentation_binary_crossentropy
0.3457449674606323
0.32858094573020935
0.34455955028533936
0.4146147668361664
0.43575191497802734
0.42033037543296814
0.4582335650920868
0.5180103182792664
0.540712296962738
0.537884533405304

val_leaf_segmentation_f1_score
0.08348649740219116
0.0033571927342563868
0.0006084214546717703
0.0
0.0
0.0
0.0
0.0
0.0
0.0

val_leaf_segmentation_recall
0.05154234170913696
0.0017031606985256076
0.0003058606234844774
0.0
0.0
0.0
0.0
0.0
0.0
0.0

val_loss
2.527798891067505
2.616683006286621
2.5047004222869873
2.4691755771636963
2.409658193588257
2.271455764770508
2.221987724304199
2.2750351428985596
2.2992584705352783
2.2681503295898438

