accuracy
0.5421134233474731
0.7840451598167419
0.8346713781356812
0.8572081327438354
0.8592205047607422
0.8736917972564697
0.8865593075752258
0.8861347436904907
0.9054151177406311
0.9106578826904297

f1_score
0.33552077412605286
0.6573370695114136
0.7511788010597229
0.7931273579597473
0.7999232411384583
0.8243983387947083
0.8439191579818726
0.8439398407936096
0.8716690540313721
0.8796505331993103

iou_score
0.2327515184879303
0.46816006302833557
0.5940165519714355
0.6091856956481934
0.6126806735992432
0.6687431335449219
0.7052775025367737
0.7149920463562012
0.7327425479888916
0.7882455587387085

loss
0.6960843801498413
0.5264060497283936
0.42931467294692993
0.3964233696460724
0.41226792335510254
0.3361978232860565
0.3011929392814636
0.28813397884368896
0.2657688856124878
0.22061654925346375

recall
0.3291540741920471
0.5829592943191528
0.6939051151275635
0.7543680667877197
0.7718085050582886
0.8070133328437805
0.8295311331748962
0.8338384628295898
0.8600698113441467
0.870826244354248

val_accuracy
0.6486459970474243
0.624776303768158
0.5906127095222473
0.5718454718589783
0.5647788643836975
0.5663960576057434
0.5747480988502502
0.5871214270591736
0.6040131449699402
0.623662531375885

val_f1_score
0.6916101574897766
0.716297447681427
0.7079132199287415
0.701874852180481
0.6997238397598267
0.7008865475654602
0.7049932479858398
0.7110110521316528
0.7192592024803162
0.7289806008338928

val_iou_score
0.5191119313240051
0.544467031955719
0.5334823727607727
0.5261841416358948
0.5235498547554016
0.5249156355857849
0.5297369360923767
0.5369963645935059
0.5469263195991516
0.5588892102241516

val_loss
0.6402289271354675
0.67331463098526
0.7414434552192688
0.7970378398895264
0.8287513852119446
0.8377747535705566
0.8343941569328308
0.8222956657409668
0.8043748736381531
0.7819106578826904

val_recall
0.7671592831611633
0.9194411039352417
0.9631403088569641
0.9788844585418701
0.9849891662597656
0.9866806268692017
0.9864803552627563
0.9854837656021118
0.983393669128418
0.9802157878875732

