accuracy
0.7124180197715759
0.8708337545394897
0.8963011503219604
0.9115910530090332
0.9212921261787415
0.9278180003166199
0.9293665885925293
0.9328213334083557
0.9349882006645203
0.9381853342056274

f1_score
0.6757887601852417
0.8513103723526001
0.8866817951202393
0.9058689475059509
0.9178052544593811
0.9269726872444153
0.9285488128662109
0.9313923716545105
0.9321572184562683
0.934465765953064

iou_score
0.5753729343414307
0.7473479509353638
0.7792280912399292
0.8281390070915222
0.8428698778152466
0.8548007011413574
0.8572430610656738
0.872787594795227
0.8692164421081543
0.8774462938308716

loss
0.5096465349197388
0.28266197443008423
0.24322004616260529
0.20233353972434998
0.18320688605308533
0.16403745114803314
0.16128669679164886
0.14249494671821594
0.14041028916835785
0.13193735480308533

recall
0.6667547225952148
0.8042467832565308
0.8663716316223145
0.8884153366088867
0.9057298302650452
0.9251423478126526
0.92635577917099
0.9222795367240906
0.9125041365623474
0.905828595161438

val_accuracy
0.36988475918769836
0.3705575466156006
0.39004966616630554
0.4621957838535309
0.5507346391677856
0.6134018898010254
0.6594138741493225
0.694963812828064
0.7203371524810791
0.7482501268386841

val_f1_score
0.5554673075675964
0.5557374358177185
0.5635890960693359
0.5944814682006836
0.6372082829475403
0.6715185046195984
0.6989130973815918
0.7212351560592651
0.7382435202598572
0.7579149603843689

val_iou_score
0.3785859942436218
0.37883320450782776
0.3863409459590912
0.416264146566391
0.4594053328037262
0.4959079623222351
0.5266634821891785
0.552892804145813
0.5736398696899414
0.5983144044876099

val_loss
3.553091049194336
2.480393648147583
1.7263739109039307
1.4255269765853882
1.184552788734436
0.9932999610900879
0.8792950510978699
0.7958728075027466
0.7482902407646179
0.6802562475204468

val_recall
1.0
1.0
0.9996833205223083
0.9974838495254517
0.9932780861854553
0.9899721145629883
0.9858530163764954
0.9801568984985352
0.9761067628860474
0.9708393216133118

