accuracy
0.7941150665283203
0.9120344519615173
0.9120344519615173
0.9120345115661621
0.9120343327522278
0.9120345115661621
0.9120344519615173
0.9120344519615173
0.9120344519615173
0.9120345115661621

binary_crossentropy
0.7419667840003967
0.3877978026866913
0.3015439510345459
0.27726686000823975
0.2642555236816406
0.25682616233825684
0.2623230516910553
0.250409871339798
0.23973479866981506
0.23597201704978943

f1_score
0.27710607647895813
0.0
0.0
0.0
9.694243635749444e-05
0.0
0.0
0.0
0.0
0.0

iou_score
0.0
0.0
0.0
0.0
0.0
0.0
0.0
0.0
0.0
0.0

loss
0.7419667840003967
0.3877978026866913
0.3015439510345459
0.27726686000823975
0.2642555236816406
0.25682616233825684
0.2623230516910553
0.250409871339798
0.23973479866981506
0.23597201704978943

recall
0.4485941529273987
0.0
0.0
0.0
4.847602394875139e-05
0.0
0.0
0.0
0.0
0.0

val_accuracy
0.9478732347488403
0.9478732347488403
0.9478732347488403
0.9478732347488403
0.9478732347488403
0.9478685259819031
0.9478532075881958
0.9478732347488403
0.9478732347488403
0.9478732347488403

val_binary_crossentropy
0.36862486600875854
0.319580614566803
0.2642521858215332
0.2033008486032486
0.18682239949703217
0.23745335638523102
0.26944780349731445
0.19980689883232117
0.18639516830444336
0.18878747522830963

val_f1_score
0.0
0.0
0.0
0.0
0.0
7.644074503332376e-05
0.0005147670744918287
0.0
0.0
0.0

val_iou_score
0.0
0.0
0.0
0.0
0.0
0.0
0.0
0.0
0.0
0.0

val_loss
0.36862486600875854
0.319580614566803
0.2642521858215332
0.2033008486032486
0.18682239949703217
0.23745335638523102
0.26944780349731445
0.19980689883232117
0.18639516830444336
0.18878747522830963

val_recall
0.0
0.0
0.0
0.0
0.0
3.82267426175531e-05
0.0002576150291133672
0.0
0.0
0.0

