accuracy
0.521461546421051
0.5737501978874207
0.6934975385665894
0.8953959941864014
0.9177685976028442
0.9326343536376953
0.9374366402626038
0.9404194951057434
0.9452248215675354
0.9500426650047302

f1_score
0.40364736318588257
0.3866012692451477
0.3858581483364105
0.8721737265586853
0.8974068760871887
0.9152867197990417
0.9210254549980164
0.9249988198280334
0.9309120178222656
0.9367579221725464

iou_score
0.19254808127880096
0.16873370110988617
0.23049147427082062
0.7728800177574158
0.81406170129776
0.8437451124191284
0.8534626364707947
0.8604832887649536
0.8708705306053162
0.8808879256248474

loss
5.2856316566467285
0.6774199604988098
0.5266596674919128
0.2793455421924591
0.19835950434207916
0.16334040462970734
0.1520855575799942
0.14408625662326813
0.1301884949207306
0.11778434365987778

recall
0.4094334542751312
0.33958783745765686
0.24342231452465057
0.9021914601325989
0.9092352986335754
0.9200509190559387
0.9223004579544067
0.9288488626480103
0.9329474568367004
0.9353811740875244

val_accuracy
0.3984992802143097
0.6383658051490784
0.6383658051490784
0.6383658051490784
0.6383658051490784
0.6583518981933594
0.8033418655395508
0.907391369342804
0.9177414178848267
0.9230331778526306

val_f1_score
0.5457963943481445
0.0
0.0
0.0
0.0
0.1048005074262619
0.6298528909683228
0.8621845245361328
0.8834236860275269
0.8959389328956604

val_iou_score
0.37528616189956665
0.0
0.0
0.0
0.0
0.05685381218791008
0.46528545022010803
0.7587765455245972
0.7904680967330933
0.8097848892211914

val_loss
0.7341985702514648
0.728325366973877
270.15240478515625
62.566287994384766
1.1089054346084595
0.6035251617431641
0.39169254899024963
0.2628728747367859
0.24405814707279205
0.21291376650333405

val_recall
0.9993482828140259
0.0
0.0
0.0
0.0
0.05529974400997162
0.4626763164997101
0.8010402917861938
0.8618674278259277
0.9162089824676514

