accuracy
0.754841148853302
0.8752607703208923
0.8899516463279724
0.8996491432189941
0.9059656858444214
0.912045955657959
0.9190871715545654
0.9211116433143616
0.9176492094993591
0.9214380979537964

f1_score
0.6729323267936707
0.8440523147583008
0.8648574948310852
0.8779340386390686
0.888468325138092
0.8938285112380981
0.9052169919013977
0.9088319540023804
0.9027013182640076
0.907193660736084

iou_score
0.5293934345245361
0.7314778566360474
0.761888861656189
0.7835085988044739
0.7986432909965515
0.809469997882843
0.8267917633056641
0.8312236666679382
0.8237674832344055
0.8310982584953308

loss
0.6236236095428467
0.2838825583457947
0.24657508730888367
0.21976733207702637
0.2037353813648224
0.19087360799312592
0.17534546554088593
0.16836917400360107
0.17604182660579681
0.1672547608613968

recall
0.6213825345039368
0.8066972494125366
0.8337780833244324
0.8486003875732422
0.8702957034111023
0.8631417155265808
0.8871613144874573
0.8957508206367493
0.8813128471374512
0.8829101324081421

val_accuracy
0.3945969343185425
0.3945969343185425
0.3945969343185425
0.3945969343185425
0.4097903370857239
0.6351057291030884
0.7112566828727722
0.8207793831825256
0.8128742575645447
0.8877822160720825

val_f1_score
0.580255389213562
0.580255389213562
0.580255389213562
0.580255389213562
0.5865808129310608
0.697790265083313
0.7408575415611267
0.8190728425979614
0.8113499879837036
0.8696417212486267

val_iou_score
0.4054824411869049
0.4054824411869049
0.4054824411869049
0.4054824411869049
0.41125258803367615
0.5228129029273987
0.5750392079353333
0.6874993443489075
0.6754218339920044
0.7752755284309387

val_loss
1156.875244140625
717.4443969726562
69.33951568603516
24.286752700805664
8.126279830932617
1.642136812210083
1.0680673122406006
0.5106913447380066
0.5711343884468079
0.26445555686950684

val_recall
1.0
1.0
1.0
1.0
0.9999967217445374
0.9920669198036194
0.9642629623413086
0.9278439283370972
0.9248151183128357
0.8551888465881348

