accuracy
0.9011754393577576
0.9124073386192322
0.9124073386192322
0.9124073386192322
0.9124073386192322
0.9124073386192322
0.9124073386192322
0.9124073386192322
0.9124073386192322
0.9124073386192322

f1_score
0.00019719522970262915
0.0
0.0
0.0
0.0
0.0
0.0
0.0
0.0
0.0

iou_score
5.7883768022293225e-05
0.0
0.0
0.0
0.0
0.0
0.0
0.0
0.0
0.0

loss
0.5018971562385559
0.3713620603084564
0.3342539370059967
0.3106912672519684
0.2911238670349121
0.2711135745048523
0.25584498047828674
0.24903178215026855
0.2427060753107071
0.23393858969211578

recall
0.00011127405014121905
0.0
0.0
0.0
0.0
0.0
0.0
0.0
0.0
0.0

val_accuracy
0.9475020170211792
0.9475020170211792
0.9475020170211792
0.9475020170211792
0.9475020170211792
0.9475020170211792
0.9475020170211792
0.9475020170211792
0.9475020170211792
0.9475020170211792

val_f1_score
0.0
0.0
0.0
0.0
0.0
0.0
0.0
0.0
0.0
0.0

val_iou_score
0.0
0.0
0.0
0.0
0.0
0.0
0.0
0.0
0.0
0.0

val_loss
0.26532071828842163
0.2641664445400238
0.21461795270442963
0.20320726931095123
0.21170826256275177
0.20560288429260254
0.19833125174045563
0.21161897480487823
0.19614025950431824
0.1854643076658249

val_recall
0.0
0.0
0.0
0.0
0.0
0.0
0.0
0.0
0.0
0.0

