accuracy
0.9227653741836548
0.9283725023269653
0.9283725023269653
0.9283725023269653
0.9283723831176758
0.9283723831176758
0.9283725023269653
0.9283725023269653
0.9283723831176758
0.9283725023269653

binary_crossentropy
0.559680700302124
0.2854025959968567
0.2760177254676819
0.26748913526535034
0.23968780040740967
0.22834010422229767
0.22270551323890686
0.2150452882051468
0.20705170929431915
0.2080523520708084

f1_score
0.0002045022847596556
0.0
0.0
0.0
0.0
0.0
0.0
0.0
0.0
0.0

iou_score
0.0
0.0
0.0
0.0
0.0
0.0
0.0
0.0
0.0
0.0

loss
0.559680700302124
0.2854025959968567
0.2760177254676819
0.26748913526535034
0.23968780040740967
0.22834010422229767
0.22270551323890686
0.2150452882051468
0.20705170929431915
0.2080523520708084

recall
0.00011028527660528198
0.0
0.0
0.0
0.0
0.0
0.0
0.0
0.0
0.0

val_accuracy
0.9337413311004639
0.9337413311004639
0.9337413311004639
0.9337413311004639
0.9337413311004639
0.9337413311004639
0.9337413311004639
0.9337413311004639
0.9337413311004639
0.9337413311004639

val_binary_crossentropy
0.2971931993961334
0.3009420335292816
0.2899678349494934
0.24605202674865723
0.24669389426708221
0.2398068606853485
0.2341460883617401
0.2243613451719284
0.22912946343421936
0.23334796726703644

val_f1_score
0.0
0.0
0.0
0.0
0.0
0.0
0.0
0.0
0.0
0.0

val_iou_score
0.0
0.0
0.0
0.0
0.0
0.0
0.0
0.0
0.0
0.0

val_loss
0.2971931993961334
0.3009420335292816
0.2899678349494934
0.24605202674865723
0.24669389426708221
0.2398068606853485
0.2341460883617401
0.2243613451719284
0.22912946343421936
0.23334796726703644

val_recall
0.0
0.0
0.0
0.0
0.0
0.0
0.0
0.0
0.0
0.0

