accuracy
0.48735180497169495
0.6519863605499268
0.7556419372558594
0.7952987551689148
0.8210182189941406
0.8466035723686218
0.858342707157135
0.8693576455116272
0.8739500045776367
0.8885731101036072

f1_score
0.27434560656547546
0.5092106461524963
0.6892328858375549
0.7541747093200684
0.792001485824585
0.8264164924621582
0.842496395111084
0.8571138978004456
0.8640133738517761
0.8811550140380859

iou_score
0.1700555682182312
0.3605632185935974
0.5389019846916199
0.6104884147644043
0.6597957015037537
0.7070987224578857
0.7299601435661316
0.7509851455688477
0.7567887306213379
0.7949448823928833

loss
0.8555046319961548
0.610939621925354
0.47491103410720825
0.41232550144195557
0.38078516721725464
0.3308883011341095
0.3069103956222534
0.2811848521232605
0.2785901427268982
0.23908036947250366

recall
0.19545163214206696
0.36375024914741516
0.5439332723617554
0.6273453831672668
0.6782397627830505
0.7242580652236938
0.7489335536956787
0.7721456289291382
0.786164402961731
0.808806836605072

val_accuracy
0.64389568567276
0.6321951150894165
0.577528178691864
0.5345900654792786
0.5102584958076477
0.49742165207862854
0.49194514751434326
0.4911649823188782
0.4930392801761627
0.49774885177612305

val_f1_score
0.4987145662307739
0.6316899657249451
0.6312538385391235
0.6163253784179688
0.6068487763404846
0.6018845438957214
0.5998513698577881
0.5998128652572632
0.6008796095848083
0.6032235026359558

val_iou_score
0.3231299817562103
0.45398345589637756
0.45274531841278076
0.43657106161117554
0.4266810715198517
0.42161160707473755
0.41955140233039856
0.4195084273815155
0.42057371139526367
0.42290717363357544

val_loss
0.6689918041229248
0.6498851180076599
0.7356835007667542
0.8324097990989685
0.9117697477340698
0.9716207981109619
1.012994647026062
1.038883090019226
1.0531507730484009
1.0590183734893799

val_recall
0.4666276276111603
0.8201066255569458
0.9375447034835815
0.9695332646369934
0.9808288812637329
0.9861444234848022
0.9885608553886414
0.9898485541343689
0.9904317259788513
0.9905943274497986

