accuracy
0.7767109274864197
0.8766881227493286
0.8909134864807129
0.9009412527084351
0.908292829990387
0.9134044051170349
0.917938768863678
0.9238361716270447
0.9263776540756226
0.9295084476470947

f1_score
0.6936943531036377
0.8456600904464722
0.8657987117767334
0.8803350329399109
0.8907617926597595
0.8981116414070129
0.903850793838501
0.9125769734382629
0.915867269039154
0.9187345504760742

iou_score
0.5539973974227905
0.7336137294769287
0.7642201781272888
0.7874431014060974
0.8034565448760986
0.8140081167221069
0.8246654272079468
0.8372893929481506
0.8428590297698975
0.8483754396438599

loss
0.5723310112953186
0.2839646637439728
0.2437194138765335
0.21822060644626617
0.201965793967247
0.18796730041503906
0.1767006665468216
0.16353628039360046
0.15694387257099152
0.1495932936668396

recall
0.6217767000198364
0.8069959282875061
0.8325203657150269
0.8542941808700562
0.8695661425590515
0.8809945583343506
0.8867924809455872
0.9014689922332764
0.9063302874565125
0.9021764397621155

val_accuracy
0.410837858915329
0.41213637590408325
0.590074896812439
0.7885022759437561
0.8701649904251099
0.9023800492286682
0.9200529456138611
0.9234813451766968
0.9260496497154236
0.9254304766654968

val_f1_score
0.5965731739997864
0.5971173048019409
0.6810668110847473
0.7970349788665771
0.8625203967094421
0.8974842429161072
0.9148554801940918
0.9189580678939819
0.9223373532295227
0.9183064699172974

val_iou_score
0.41059234738349915
0.4111495018005371
0.5009717345237732
0.6436440944671631
0.7451502084732056
0.8107632398605347
0.8438289165496826
0.8508158922195435
0.8596908450126648
0.8545528650283813

val_loss
144.12118530273438
22.622943878173828
2.8981800079345703
0.7188407182693481
0.3405427038669586
0.24326243996620178
0.17998793721199036
0.17621645331382751
0.15969568490982056
0.1606549620628357

val_recall
1.0
1.0
0.9948874711990356
0.9287969470024109
0.8976353406906128
0.918741762638092
0.9154379367828369
0.9186885952949524
0.9256608486175537
0.9017611742019653

