accuracy
0.7668874263763428
0.8649558424949646
0.8975815773010254
0.909125566482544
0.9218078255653381
0.9284732937812805
0.93328458070755
0.9373534917831421
0.9403414726257324
0.941286027431488

f1_score
0.7275239825248718
0.8454508185386658
0.893058180809021
0.9070136547088623
0.9193505048751831
0.9271450638771057
0.9330829977989197
0.9381857514381409
0.9415594935417175
0.9434117674827576

iou_score
0.5963277816772461
0.7452921867370605
0.7970566749572754
0.828700840473175
0.8454278111457825
0.8552568554878235
0.8697503805160522
0.8842006921768188
0.8892919421195984
0.8890005946159363

loss
0.47814494371414185
0.28563234210014343
0.24898967146873474
0.20222017168998718
0.18149200081825256
0.164839968085289
0.15731686353683472
0.138418510556221
0.12922382354736328
0.12908843159675598

recall
0.6690065264701843
0.783880889415741
0.8775965571403503
0.895535945892334
0.8983879089355469
0.9086389541625977
0.9164522886276245
0.9266429543495178
0.9290449023246765
0.9357920289039612

val_accuracy
0.34268906712532043
0.34344595670700073
0.3587440848350525
0.4015534520149231
0.46143147349357605
0.5112326145172119
0.5557939410209656
0.5899136066436768
0.6219369173049927
0.6549725532531738

val_f1_score
0.5265639424324036
0.5268576741218567
0.5328517556190491
0.5503343939781189
0.5766907334327698
0.6005714535713196
0.6235024929046631
0.64218670129776
0.660613477230072
0.6808747053146362

val_iou_score
0.35110047459602356
0.3513575494289398
0.3567565977573395
0.3727583885192871
0.39742517471313477
0.4203495383262634
0.4434400200843811
0.46299201250076294
0.482871949672699
0.505599856376648

val_loss
4.090140342712402
2.5005154609680176
1.8873211145401
1.7620160579681396
1.6227083206176758
1.4048818349838257
1.2324793338775635
1.1554014682769775
1.0660964250564575
0.9419630765914917

val_recall
1.0
1.0
0.9999497532844543
0.9996545314788818
0.998773992061615
0.9977179765701294
0.9959225058555603
0.9939631819725037
0.9912269711494446
0.9883354306221008

