accuracy
0.7227472066879272
0.8260032534599304
0.8574897646903992
0.8765499591827393
0.8850948810577393
0.8942961692810059
0.9017444849014282
0.9090619087219238
0.9126805663108826
0.9171997904777527

f1_score
0.6461470723152161
0.7886344194412231
0.8282232284545898
0.8507722616195679
0.8609746098518372
0.873141884803772
0.8830683827400208
0.8924789428710938
0.8976938128471375
0.9032044410705566

iou_score
0.4799414277076721
0.6496701240539551
0.7058191895484924
0.7399731278419495
0.7561278939247131
0.7751627564430237
0.7909381985664368
0.8064218163490295
0.8146436810493469
0.823990523815155

loss
0.5453553795814514
0.37970930337905884
0.3194303810596466
0.2799527645111084
0.2606320083141327
0.2420884519815445
0.2266933172941208
0.21199040114879608
0.20312006771564484
0.19387786090373993

recall
0.6118646860122681
0.7713140845298767
0.8090864419937134
0.8231226205825806
0.8297560811042786
0.8429694175720215
0.854901134967804
0.8643596172332764
0.8729254603385925
0.8777077198028564

val_accuracy
0.39259886741638184
0.40267905592918396
0.42828020453453064
0.459097295999527
0.4902196526527405
0.5206373333930969
0.5500803589820862
0.5797523260116577
0.6002054810523987
0.6183878183364868

val_f1_score
0.5539339780807495
0.5581520199775696
0.5690420866012573
0.5826444625854492
0.5970163345336914
0.6118782758712769
0.6266085505485535
0.6423258185386658
0.6536481976509094
0.6639202833175659

val_iou_score
0.3754422664642334
0.37926363945007324
0.3894762396812439
0.40254902839660645
0.41663727164268494
0.43145179748535156
0.44641703367233276
0.46278852224349976
0.47499653697013855
0.48620325326919556

val_loss
1.1973016262054443
1.2727344036102295
1.2176765203475952
1.148525595664978
1.09410560131073
1.0507516860961914
1.013841152191162
0.9755770564079285
0.9561979174613953
0.9356797337532043

val_recall
0.9991716146469116
0.9991143941879272
0.9985376000404358
0.9974831938743591
0.9961159229278564
0.9951037764549255
0.9925459027290344
0.9901423454284668
0.9883800745010376
0.986136794090271

