accuracy
0.5558351278305054
0.819875955581665
0.8792358636856079
0.8962087631225586
0.9076223969459534
0.9154986143112183
0.9251384139060974
0.9295976161956787
0.9345519542694092
0.9385547041893005

f1_score
0.5917379856109619
0.7801854014396667
0.8456591963768005
0.8631028532981873
0.8788930773735046
0.889144778251648
0.9037649631500244
0.9090123176574707
0.9164059162139893
0.9214483499526978

iou_score
0.41191425919532776
0.6445341110229492
0.7325844764709473
0.7593990564346313
0.7838976979255676
0.8007213473320007
0.8242532014846802
0.833342969417572
0.8457218408584595
0.8543198704719543

loss
0.6588903665542603
0.5353856682777405
0.4383114278316498
0.36315250396728516
0.3087442219257355
0.26928460597991943
0.2384302318096161
0.2167859971523285
0.19998471438884735
0.18454284965991974

recall
0.8129240274429321
0.8072879314422607
0.8355414271354675
0.8263125419616699
0.8465433716773987
0.8558457493782043
0.8877626061439514
0.8881583213806152
0.9059931635856628
0.9101652503013611

val_accuracy
0.6329008340835571
0.8357986211776733
0.8586763739585876
0.8937171101570129
0.9014517664909363
0.9100533723831177
0.9149371385574341
0.9192785620689392
0.9223513603210449
0.92462158203125

val_f1_score
0.658578097820282
0.8080304265022278
0.8318340182304382
0.865088701248169
0.8734273910522461
0.8818567395210266
0.8871635794639587
0.8916369676589966
0.8943502902984619
0.8959451913833618

val_iou_score
0.49041157960891724
0.6757163405418396
0.7095295786857605
0.7596416473388672
0.7727856040000916
0.7862746119499207
0.7948951721191406
0.8022475838661194
0.8067038655281067
0.8093713521957397

val_loss
0.6425480842590332
0.49927690625190735
0.44792333245277405
0.365652859210968
0.3399650752544403
0.3054911494255066
0.28584426641464233
0.2673478126525879
0.251520574092865
0.23793551325798035

val_recall
0.9801506400108337
0.9566780924797058
0.9676242470741272
0.9433425068855286
0.9413031935691833
0.9293248057365417
0.9257376194000244
0.919368326663971
0.9098435044288635
0.8983795642852783

