accuracy
0.5244734287261963
0.8543883562088013
0.8598361611366272
0.9256892800331116
0.9204915165901184
0.9533869624137878
0.9524192810058594
0.9629456996917725
0.9613825678825378
0.9626473188400269

f1_score
0.5229982137680054
0.8169286847114563
0.8290485739707947
0.8831962943077087
0.8725252747535706
0.9322633147239685
0.9336023330688477
0.9466863870620728
0.9423602819442749
0.9444783926010132

iou_score
0.19109101593494415
0.6674082279205322
0.7437530755996704
0.7760124206542969
0.800523042678833
0.8680338859558105
0.8323779106140137
0.881744384765625
0.8697562217712402
0.8593287467956543

loss
0.8380247354507446
0.5288500785827637
0.4076535105705261
0.3184674084186554
0.2609848976135254
0.20341935753822327
0.22628214955329895
0.1460030972957611
0.14414313435554504
0.13883107900619507

recall
0.7551756501197815
0.9411375522613525
0.9845464825630188
0.8138514757156372
0.7882437109947205
0.9292140007019043
0.9690216779708862
0.9530143737792969
0.9144750833511353
0.9203330874443054

val_accuracy
0.8511870503425598
0.8483051061630249
0.8783614635467529
0.8538945317268372
0.8940317034721375
0.8995951414108276
0.8942952752113342
0.8810350298881531
0.8780837059020996
0.8871276378631592

val_f1_score
0.8634291887283325
0.8647311329841614
0.8714761137962341
0.8371949791908264
0.890225887298584
0.8979623913764954
0.8901247978210449
0.8723741173744202
0.8685402274131775
0.8808188438415527

val_iou_score
0.7506152987480164
0.755192756652832
0.7584660649299622
0.7067098617553711
0.7903130054473877
0.8032798767089844
0.7894304394721985
0.7604964375495911
0.7539403438568115
0.7726700305938721

val_loss
0.4780052900314331
0.5015410780906677
0.3972795009613037
0.4259243905544281
0.364424467086792
0.36999455094337463
0.39724674820899963
0.44031116366386414
0.4596984386444092
0.4465833604335785

val_recall
0.9416359066963196
0.9705710411071777
0.8254978060722351
0.7519665360450745
0.8601006865501404
0.8843531608581543
0.8570746779441833
0.8138722777366638
0.8061795830726624
0.8349103927612305

