accuracy
0.4648582339286804
0.7455175518989563
0.8239088654518127
0.8035424947738647
0.8667852282524109
0.9105276465415955
0.9335756897926331
0.9476261734962463
0.9576472640037537
0.9618741869926453

f1_score
0.3604094684123993
0.6179883480072021
0.6876968145370483
0.6207869052886963
0.7687541246414185
0.8666994571685791
0.905598521232605
0.9276692867279053
0.9441812634468079
0.9521622657775879

iou_score
0.21694108843803406
0.44379541277885437
0.5247853398323059
0.45316633582115173
0.6290977001190186
0.7671194076538086
0.8290353417396545
0.8667097687721252
0.8948149085044861
0.9071822762489319

loss
0.779138445854187
1.2498767375946045
0.5274838209152222
0.4387885332107544
0.2729359269142151
0.1966811567544937
0.1493844836950302
0.11991457641124725
0.10049877315759659
0.09036462008953094

recall
0.4358891546726227
0.5881130695343018
0.5558157563209534
0.4653579890727997
0.6375978589057922
0.8168692588806152
0.875780463218689
0.9060211777687073
0.9332219362258911
0.9514827132225037

val_accuracy
0.46031200885772705
0.46031200885772705
0.46031200885772705
0.46031200885772705
0.46031200885772705
0.46031200885772705
0.46031200885772705
0.46031200885772705
0.46031200885772705
0.46031200885772705

val_f1_score
0.6390143632888794
0.6390143632888794
0.6390143632888794
0.6390143632888794
0.6390143632888794
0.6390143632888794
0.6390143632888794
0.6390143632888794
0.6390143632888794
0.6390143632888794

val_iou_score
0.4583502411842346
0.4583502411842346
0.4583502411842346
0.4583502411842346
0.4583502411842346
0.4583502411842346
0.4583502411842346
0.4583502411842346
0.4583502411842346
0.4583502411842346

val_loss
22.95812225341797
26.23501205444336
19.0927734375
19.373611450195312
26.882720947265625
37.28828430175781
48.5664176940918
61.117149353027344
77.53605651855469
97.31835174560547

val_recall
1.0
1.0
1.0
1.0
1.0
1.0
1.0
1.0
1.0
1.0

