accuracy
0.5133310556411743
0.6242159008979797
0.6038352847099304
0.8234493732452393
0.9062489867210388
0.9221101999282837
0.9362172484397888
0.9424077868461609
0.9452547430992126
0.9491954445838928

binary_crossentropy
5.243588447570801
0.6662687659263611
0.571902871131897
0.3870541751384735
0.22571530938148499
0.18406493961811066
0.15700046718120575
0.139382004737854
0.13072490692138672
0.12048274278640747

f1_score
0.5457141995429993
0.18219831585884094
0.0
0.7324036359786987
0.88652503490448
0.9039624929428101
0.9198504090309143
0.9276303648948669
0.9311550855636597
0.9357860088348389

iou_score
0.7902064323425293
0.7902064323425293
0.7902064323425293
0.7902064323425293
0.7902064323425293
0.7902064323425293
0.7902064323425293
0.7902064323425293
0.7902064323425293
0.7902064323425293

loss
5.243588447570801
0.6662687659263611
0.571902871131897
0.3870541751384735
0.22571530938148499
0.18406493961811066
0.15700046718120575
0.139382004737854
0.13072490692138672
0.12048274278640747

recall
0.7378430366516113
0.10566448420286179
0.0
0.6098653674125671
0.9244030714035034
0.9253041744232178
0.9238759279251099
0.9317026734352112
0.9345257878303528
0.934425413608551

val_accuracy
0.6806170344352722
0.6389766335487366
0.6389766335487366
0.6401013731956482
0.6391779184341431
0.6402992010116577
0.6496702432632446
0.7207141518592834
0.8364763855934143
0.9178098440170288

val_binary_crossentropy
0.6334778666496277
1.396125078201294
1.3584026098251343
1.3411542177200317
2.1267361640930176
1.6785506010055542
1.1433354616165161
0.5707616806030273
0.34315022826194763
0.22952847182750702

val_f1_score
0.2891499698162079
0.0
0.0
0.017141172662377357
0.003979275468736887
0.015262186527252197
0.0796513706445694
0.376314252614975
0.7104982137680054
0.8763287663459778

val_iou_score
0.7902064323425293
0.7902064323425293
0.7902064323425293
0.7902064323425293
0.7902064323425293
0.7902064323425293
0.7902064323425293
0.7902064323425293
0.7902064323425293
0.7902064323425293

val_loss
0.6334778666496277
1.396125078201294
1.3584026098251343
1.3411542177200317
2.1267361640930176
1.6785506010055542
1.1433354616165161
0.5707616806030273
0.34315022826194763
0.22952847182750702

val_recall
0.17992503941059113
0.0
0.0
0.008692894130945206
0.001996473176404834
0.007720978930592537
0.041990652680397034
0.23338262736797333
0.5558108687400818
0.8065911531448364

