accuracy
0.5965661406517029
0.8662218451499939
0.971611738204956
0.9716117978096008
0.971611738204956
0.971611738204956
0.971611738204956
0.971611738204956
0.971611738204956
0.971611738204956

f1_score
0.12314215302467346
0.043758951127529144
0.0
0.0
0.0
0.0
0.0
0.0
0.0
0.0

iou_score
0.06561081111431122
0.022368913516402245
0.0
0.0
0.0
0.0
0.0
0.0
0.0
0.0

loss
0.729208767414093
0.6090821623802185
0.4753807485103607
0.3144182860851288
0.1827191561460495
0.14501650631427765
0.18259704113006592
0.2239021509885788
0.24086982011795044
0.23372074961662292

recall
0.9978870153427124
0.10782425105571747
0.0
0.0
0.0
0.0
0.0
0.0
0.0
0.0

val_accuracy
0.7733972668647766
0.9424422979354858
0.9478253722190857
0.9479117393493652
0.9479117393493652
0.9479117393493652
0.9479117393493652
0.9479117393493652
0.9479117393493652
0.9479117393493652

val_f1_score
0.1375243216753006
0.03729531541466713
0.0015196267049759626
0.0
0.0
0.0
0.0
0.0
0.0
0.0

val_iou_score
0.0683857798576355
0.011776668950915337
0.00048346255789510906
0.0
0.0
0.0
0.0
0.0
0.0
0.0

val_loss
0.6236725449562073
0.49761107563972473
0.3506212532520294
0.24102501571178436
0.2356545776128769
0.3124803900718689
0.3840595483779907
0.4130803048610687
0.4011896848678589
0.36302322149276733

val_recall
0.3468393087387085
0.02140400931239128
0.0007622315897606313
0.0
0.0
0.0
0.0
0.0
0.0
0.0

