accuracy
0.5972599983215332
0.6548720002174377
0.8533739447593689
0.8766117095947266
0.8825845122337341
0.8901243805885315
0.8947852849960327
0.9020447731018066
0.9106919169425964
0.9150855541229248

f1_score
0.35957199335098267
0.4164210259914398
0.8351691365242004
0.8669941425323486
0.8750152587890625
0.8847619295120239
0.8891230821609497
0.8955795764923096
0.9055126309394836
0.9115161895751953

iou_score
0.23123829066753387
0.28096285462379456
0.7172357439994812
0.7598025798797607
0.7717540264129639
0.7884060740470886
0.7985932230949402
0.8161599636077881
0.8278012275695801
0.8395020365715027

loss
1.314247727394104
0.709490954875946
0.3824993669986725
0.302468866109848
0.30040571093559265
0.2733933925628662
0.25187984108924866
0.2293524295091629
0.21654236316680908
0.20690582692623138

recall
0.24523751437664032
0.2678453028202057
0.7870980501174927
0.8450053334236145
0.8612108826637268
0.8787180781364441
0.87837815284729
0.8737706542015076
0.8871545791625977
0.9001064896583557

val_accuracy
0.447075217962265
0.44981056451797485
0.447075217962265
0.447075217962265
0.447075217962265
0.447075217962265
0.447075217962265
0.447075217962265
0.447075217962265
0.447075217962265

val_f1_score
0.6266089677810669
0.6275575160980225
0.6266089677810669
0.6266089677810669
0.6266089677810669
0.6266089677810669
0.6266089677810669
0.6266089677810669
0.6266089677810669
0.6266089677810669

val_iou_score
0.4135066866874695
0.4147070646286011
0.4135066866874695
0.4135066866874695
0.4135066866874695
0.4135066866874695
0.4135066866874695
0.4135066866874695
0.4135066866874695
0.4135066866874695

val_loss
260.2227783203125
57.74088668823242
447.62945556640625
1102.777587890625
1703.305419921875
1907.8482666015625
1606.8936767578125
1345.799072265625
907.0093383789062
561.1226196289062

val_recall
1.0
0.9990135431289673
1.0
1.0
1.0
1.0
1.0
1.0
1.0
1.0

