accuracy
0.831072211265564
0.9278794527053833
0.9278795719146729
0.9278794527053833
0.9278795719146729
0.9278795719146729
0.9278795719146729
0.9278795719146729
0.9278794527053833
0.9283140301704407

binary_crossentropy
0.4880797863006592
0.3056197166442871
0.2606251835823059
0.2279006540775299
0.2166462242603302
0.21407480537891388
0.2070194035768509
0.1969989836215973
0.1908043622970581
0.20469017326831818

f1_score
0.09511745721101761
0.0
0.0
0.0
0.0
0.0
0.0
0.0
0.0
0.013902198523283005

iou_score
0.0
0.0
0.0
0.0
0.0
0.0
0.0
0.0
0.0
0.0

loss
0.4880797863006592
0.3056197166442871
0.2606251835823059
0.2279006540775299
0.2166462242603302
0.21407480537891388
0.2070194035768509
0.1969989836215973
0.1908043622970581
0.20469017326831818

recall
0.12310653179883957
0.0
0.0
0.0
0.0
0.0
0.0
0.0
0.0
0.007006634026765823

val_accuracy
0.915620744228363
0.915620744228363
0.915620744228363
0.915620744228363
0.915620744228363
0.915620744228363
0.915620744228363
0.915620744228363
0.915620744228363
0.915620744228363

val_binary_crossentropy
0.3285690248012543
0.38288527727127075
0.3094908595085144
0.37249964475631714
0.28476792573928833
0.3135647773742676
0.3009871542453766
0.29985618591308594
0.306572288274765
0.2898140251636505

val_f1_score
0.0
0.0
0.0
0.0
0.0
0.0
0.0
0.0
0.0
0.0

val_iou_score
0.0
0.0
0.0
0.0
0.0
0.0
0.0
0.0
0.0
0.0

val_loss
0.3285690248012543
0.38288527727127075
0.3094908595085144
0.37249964475631714
0.28476792573928833
0.3135647773742676
0.3009871542453766
0.29985618591308594
0.306572288274765
0.2898140251636505

val_recall
0.0
0.0
0.0
0.0
0.0
0.0
0.0
0.0
0.0
0.0

