accuracy
0.9105286598205566
0.9355949759483337
0.9355950951576233
0.9355950951576233
0.9355949759483337
0.935594916343689
0.9355949759483337
0.9355950951576233
0.935594916343689
0.9355949759483337

binary_crossentropy
0.4108985662460327
0.2731403112411499
0.24683167040348053
0.22375944256782532
0.2126578539609909
0.20448409020900726
0.19978097081184387
0.19558098912239075
0.18885625898838043
0.18671680986881256

f1_score
0.1481885313987732
0.0
0.0
0.0
0.0
0.0
0.0
0.0
0.0
0.0

iou_score
0.0
0.0
0.0
0.0
0.0
0.0
0.0
0.0
0.0
0.0

loss
0.4108985662460327
0.2731403112411499
0.24683167040348053
0.22375944256782532
0.2126578539609909
0.20448409020900726
0.19978097081184387
0.19558098912239075
0.18885625898838043
0.18671680986881256

recall
0.12083856761455536
0.0
0.0
0.0
0.0
0.0
0.0
0.0
0.0
0.0

val_accuracy
0.8799575567245483
0.8799575567245483
0.8799575567245483
0.8799575567245483
0.8799575567245483
0.8799575567245483
0.8799575567245483
0.8799575567245483
0.8799575567245483
0.8799575567245483

val_binary_crossentropy
0.4067271053791046
0.4093695878982544
0.37398093938827515
0.3368930518627167
0.3198784589767456
0.31717297434806824
0.3226189613342285
0.3313978314399719
0.32729315757751465
0.3070949912071228

val_f1_score
0.0
0.0
0.0
0.0
0.0
0.0
0.0
0.0
0.0
0.0

val_iou_score
0.0
0.0
0.0
0.0
0.0
0.0
0.0
0.0
0.0
0.0

val_loss
0.4067271053791046
0.4093695878982544
0.37398093938827515
0.3368930518627167
0.3198784589767456
0.31717297434806824
0.3226189613342285
0.3313978314399719
0.32729315757751465
0.3070949912071228

val_recall
0.0
0.0
0.0
0.0
0.0
0.0
0.0
0.0
0.0
0.0

