disease_segmentation_accuracy
0.6229742765426636
0.7080868482589722
0.8639576435089111
0.889847993850708
0.902843177318573
0.9076749682426453
0.9210425019264221
0.928629994392395
0.9287144541740417
0.9373435974121094

disease_segmentation_binary_crossentropy
1.1074596643447876
0.6055590510368347
0.35984936356544495
0.2930343449115753
0.2394821047782898
0.21246127784252167
0.19774185121059418
0.1704147309064865
0.17557811737060547
0.15313827991485596

disease_segmentation_f1_score
0.5378966331481934
0.5597358345985413
0.8491402864456177
0.8816820979118347
0.8945478796958923
0.9017833471298218
0.918225109577179
0.9257848262786865
0.9271604418754578
0.9358634352684021

disease_segmentation_iou_score
0.7578875422477722
0.7578875422477722
0.7578875422477722
0.7578875422477722
0.7578875422477722
0.7578875422477722
0.7578875422477722
0.7578875422477722
0.7578875422477722
0.7578875422477722

disease_segmentation_recall
0.4795612692832947
0.40678879618644714
0.8168975114822388
0.8660864233970642
0.8685441613197327
0.8885936737060547
0.9140932559967041
0.9142701625823975
0.9281169176101685
0.9287136793136597

leaf_segmentation_accuracy
0.7420039176940918
0.9176753163337708
0.9343807697296143
0.9408133625984192
0.9402818083763123
0.9450825452804565
0.9426203370094299
0.9463769197463989
0.9458107948303223
0.9445778727531433

leaf_segmentation_binary_crossentropy
0.5737695693969727
0.42678725719451904
0.31665292382240295
0.23955820500850677
0.19371891021728516
0.16887326538562775
0.14792045950889587
0.14010484516620636
0.1321159154176712
0.12725651264190674

leaf_segmentation_f1_score
0.17068077623844147
0.24653910100460052
0.11214717477560043
0.04785734415054321
0.09965290874242783
0.07949535548686981
0.19278903305530548
0.18212053179740906
0.17950788140296936
0.20823755860328674

leaf_segmentation_recall
0.4591488242149353
0.23065084218978882
0.07326566427946091
0.026478124782443047
0.058263808488845825
0.04217486456036568
0.11993809789419174
0.10480835288763046
0.1041603609919548
0.12769268453121185

loss
1.6812292337417603
1.0323463678359985
0.6765022873878479
0.5325925350189209
0.43320098519325256
0.3813345432281494
0.34566232562065125
0.31051957607269287
0.3076940178871155
0.2803947925567627

val_disease_segmentation_accuracy
0.4596990942955017
0.4596990942955017
0.4596990942955017
0.4596990942955017
0.4596990942955017
0.4596990942955017
0.4596990942955017
0.4596990942955017
0.4596990942955017
0.4596990942955017

val_disease_segmentation_binary_crossentropy
292.4661865234375
240.15072631835938
216.01800537109375
537.0599365234375
711.495849609375
540.8451538085938
446.3743896484375
304.3971252441406
336.2171936035156
786.4059448242188

val_disease_segmentation_f1_score
0.638333261013031
0.638333261013031
0.638333261013031
0.638333261013031
0.638333261013031
0.638333261013031
0.638333261013031
0.638333261013031
0.638333261013031
0.638333261013031

val_disease_segmentation_iou_score
0.7578875422477722
0.7578875422477722
0.7578875422477722
0.7578875422477722
0.7578875422477722
0.7578875422477722
0.7578875422477722
0.7578875422477722
0.7578875422477722
0.7578875422477722

val_disease_segmentation_recall
1.0
1.0
1.0
1.0
1.0
1.0
1.0
1.0
1.0
1.0

val_leaf_segmentation_accuracy
0.9149631857872009
0.06117410957813263
0.044075965881347656
0.044075965881347656
0.044075965881347656
0.044075965881347656
0.049194615334272385
0.16252735257148743
0.0755595862865448
0.8816372156143188

val_leaf_segmentation_binary_crossentropy
35.13671112060547
98.90216064453125
123.7230453491211
397.4573974609375
474.597900390625
447.0874328613281
147.91163635253906
43.73738098144531
109.25160217285156
7.916747093200684

val_leaf_segmentation_f1_score
0.0008327945251949131
0.15782923996448517
0.1553402543067932
0.1553402543067932
0.1553402543067932
0.1553402543067932
0.15603606402873993
0.16907237470149994
0.1598069816827774
0.06345875561237335

val_leaf_segmentation_recall
0.0004207398451399058
1.0
1.0
1.0
1.0
1.0
0.9996975660324097
0.9643883109092712
0.998724639415741
0.04678758606314659

val_loss
327.6029052734375
339.0528869628906
339.7410583496094
934.517333984375
1186.09375
987.9326171875
594.2860107421875
348.134521484375
445.4687805175781
794.3226928710938

