disease_segmentation_accuracy
0.8155253529548645
0.8851587176322937
0.9010497331619263
0.9111550450325012
0.919036328792572
0.9220355749130249
0.9254325032234192
0.9299668073654175
0.9330635666847229
0.9373188614845276

disease_segmentation_binary_crossentropy
0.386654794216156
0.2665558457374573
0.2244422733783722
0.2010987550020218
0.1836286187171936
0.17498792707920074
0.1672058403491974
0.1568938046693802
0.14845368266105652
0.13807763159275055

disease_segmentation_f1_score
0.7669990658760071
0.8562228083610535
0.8769888877868652
0.8907853364944458
0.9025172591209412
0.904525876045227
0.9111091494560242
0.9171398282051086
0.919813871383667
0.9272210597991943

disease_segmentation_iou_score
0.7817440032958984
0.7817440032958984
0.7817440032958984
0.7817440032958984
0.7817440032958984
0.7817440032958984
0.7817440032958984
0.7817440032958984
0.7817440032958984
0.7817440032958984

disease_segmentation_recall
0.7590699195861816
0.8348467350006104
0.8530337810516357
0.86859130859375
0.8867179155349731
0.8785380125045776
0.8959326148033142
0.9027469754219055
0.8984885811805725
0.915868878364563

leaf_segmentation_accuracy
0.7099949717521667
0.9327576756477356
0.9358934760093689
0.9375438690185547
0.9390360713005066
0.9277574419975281
0.9410524964332581
0.9409940838813782
0.9406847357749939
0.9348313212394714

leaf_segmentation_binary_crossentropy
0.6394223570823669
0.26006072759628296
0.18725767731666565
0.1646692156791687
0.1546902358531952
0.19396601617336273
0.14307624101638794
0.14091652631759644
0.13566043972969055
0.16556765139102936

leaf_segmentation_f1_score
0.28420543670654297
0.4476744830608368
0.4775131344795227
0.5159051418304443
0.48263096809387207
0.4847791790962219
0.5517146587371826
0.5010496973991394
0.5610927939414978
0.524382472038269

leaf_segmentation_recall
0.6832463145256042
0.32755744457244873
0.347507119178772
0.39008402824401855
0.34090837836265564
0.39732518792152405
0.42146989703178406
0.3543366491794586
0.4358954429626465
0.4165825843811035

loss
1.0260770320892334
0.526616632938385
0.41169992089271545
0.3657679557800293
0.3383188247680664
0.36895397305488586
0.3102820813655853
0.29781028628349304
0.2841140925884247
0.3036453127861023

val_disease_segmentation_accuracy
0.4218125641345978
0.5429855585098267
0.675017237663269
0.7599127292633057
0.7774943113327026
0.7779384851455688
0.8469228148460388
0.8578652143478394
0.8865748047828674
0.8903632164001465

val_disease_segmentation_binary_crossentropy
1.746610403060913
1.2257890701293945
0.8578096628189087
0.639407753944397
0.6056327223777771
0.5672521591186523
0.3926120400428772
0.36597946286201477
0.2866714894771576
0.2676810324192047

val_disease_segmentation_f1_score
0.5824854373931885
0.6398141980171204
0.7162657976150513
0.774864137172699
0.7881861925125122
0.7880611419677734
0.8428388237953186
0.8526992201805115
0.8760932683944702
0.87837815284729

val_disease_segmentation_iou_score
0.7817440032958984
0.7817440032958984
0.7817440032958984
0.7817440032958984
0.7817440032958984
0.7817440032958984
0.7817440032958984
0.7817440032958984
0.7817440032958984
0.7817440032958984

val_disease_segmentation_recall
0.999972939491272
0.9995662569999695
0.9971452951431274
0.9903915524482727
0.9884088039398193
0.9864035248756409
0.9636402130126953
0.9612981081008911
0.9326395392417908
0.922440767288208

val_leaf_segmentation_accuracy
0.8056277632713318
0.840360164642334
0.851081907749176
0.8509770035743713
0.8537985682487488
0.8511218428611755
0.853350818157196
0.8587293028831482
0.8562734723091125
0.8605177402496338

val_leaf_segmentation_binary_crossentropy
0.5929046869277954
0.4464483857154846
0.43631795048713684
0.425889790058136
0.36693745851516724
0.44368499517440796
0.3395659923553467
0.32769274711608887
0.3010239899158478
0.29844802618026733

val_leaf_segmentation_f1_score
0.3844777047634125
0.1807766854763031
0.015040772035717964
0.0020644853357225657
0.1351272165775299
0.004691372625529766
0.07011593878269196
0.2852332293987274
0.17131555080413818
0.33553069829940796

val_leaf_segmentation_recall
0.36423543095588684
0.113126240670681
0.007602530065923929
0.0010334689868614078
0.07470080256462097
0.0023520328104496002
0.0367237851023674
0.17835654318332672
0.09686989337205887
0.21947553753852844

val_loss
2.339515209197998
1.6722373962402344
1.2941277027130127
1.0652976036071777
0.9725701808929443
1.010937213897705
0.7321780323982239
0.6936721801757812
0.5876954793930054
0.5661290884017944

