accuracy
0.7802541851997375
0.8801553249359131
0.9050222635269165
0.9187797904014587
0.9272381067276001
0.9307220578193665
0.9372953772544861
0.9413239359855652
0.9429137706756592
0.9443606734275818

f1_score
0.752457857131958
0.847790539264679
0.8900561928749084
0.904830276966095
0.9158771634101868
0.9217306971549988
0.9299229979515076
0.9354413151741028
0.9369367957115173
0.9391399621963501

iou_score
0.6306032538414001
0.7386851906776428
0.8004018068313599
0.8270179629325867
0.8459056615829468
0.8548839688301086
0.8695407509803772
0.8786123991012573
0.8819564580917358
0.8855981826782227

loss
0.44752055406570435
0.2656085789203644
0.2133091539144516
0.18036103248596191
0.15826518833637238
0.14935646951198578
0.1339317411184311
0.12417374551296234
0.11862368136644363
0.11394356191158295

recall
0.7983246445655823
0.7899354100227356
0.8762688636779785
0.878363847732544
0.8913238644599915
0.9050841331481934
0.9120968580245972
0.9213668704032898
0.9202486872673035
0.9238224625587463

val_accuracy
0.3835231363773346
0.3907160460948944
0.43172410130500793
0.5234543681144714
0.615813672542572
0.6879236102104187
0.7339135408401489
0.766937792301178
0.8031662702560425
0.8349681496620178

val_f1_score
0.569370448589325
0.5723128914833069
0.5896283388137817
0.6323529481887817
0.6818040609359741
0.7257136702537537
0.7568605542182922
0.7801495790481567
0.8077504634857178
0.8324953317642212

val_iou_score
0.39095136523246765
0.3936605453491211
0.41037097573280334
0.45389488339424133
0.5071231722831726
0.5587013363838196
0.5975222587585449
0.6279739737510681
0.665931761264801
0.7023128867149353

val_loss
5.296797752380371
2.4003424644470215
1.853796124458313
1.411868929862976
1.1853893995285034
0.9053985476493835
0.7367478013038635
0.6391984820365906
0.5224735140800476
0.4342689514160156

val_recall
1.0
0.9999921321868896
0.9997270703315735
0.9987298250198364
0.9960164427757263
0.991234302520752
0.9872631430625916
0.9800257086753845
0.9714826345443726
0.9559338092803955

