accuracy
0.8862840533256531
0.9175493121147156
0.9175493121147156
0.9175493121147156
0.9175493717193604
0.9175492525100708
0.9175493121147156
0.9175493121147156
0.9175493121147156
0.9175493717193604

binary_crossentropy
0.6456452012062073
0.3927532732486725
0.33471938967704773
0.29614177346229553
0.2640564739704132
0.24807734787464142
0.23810827732086182
0.23971383273601532
0.23380187153816223
0.2242298424243927

f1_score
0.000887212052475661
0.0
0.0
0.0
0.0
0.0
0.0
0.0
0.0
0.0

iou_score
0.0
0.0
0.0
0.0
0.0
0.0
0.0
0.0
0.0
0.0

loss
0.6456452012062073
0.3927532732486725
0.33471938967704773
0.29614177346229553
0.2640564739704132
0.24807734787464142
0.23810827732086182
0.23971383273601532
0.23380187153816223
0.2242298424243927

recall
0.0006123920320533216
0.0
0.0
0.0
0.0
0.0
0.0
0.0
0.0
0.0

val_accuracy
0.9308191537857056
0.9308191537857056
0.9308191537857056
0.9308191537857056
0.9308191537857056
0.9308191537857056
0.9308191537857056
0.9308191537857056
0.9308191537857056
0.9308191537857056

val_binary_crossentropy
0.3277219235897064
0.29826757311820984
0.2949404716491699
0.26197052001953125
0.2442045360803604
0.23746231198310852
0.24077899754047394
0.2449677735567093
0.23102232813835144
0.23134951293468475

val_f1_score
0.0
0.0
0.0
0.0
0.0
0.0
0.0
0.0
0.0
0.0

val_iou_score
0.0
0.0
0.0
0.0
0.0
0.0
0.0
0.0
0.0
0.0

val_loss
0.3277219235897064
0.29826757311820984
0.2949404716491699
0.26197052001953125
0.2442045360803604
0.23746231198310852
0.24077899754047394
0.2449677735567093
0.23102232813835144
0.23134951293468475

val_recall
0.0
0.0
0.0
0.0
0.0
0.0
0.0
0.0
0.0
0.0

