accuracy
0.6083054542541504
0.8970285654067993
0.9257386922836304
0.9395461082458496
0.9444193840026855
0.9489769339561462
0.9528160691261292
0.9535061120986938
0.9554682970046997
0.9587210416793823

f1_score
0.5341106653213501
0.8671198487281799
0.9052875638008118
0.9235005378723145
0.9300990104675293
0.9350554943084717
0.9402387738227844
0.9414095282554626
0.9435915946960449
0.9479352831840515

iou_score
0.3421204388141632
0.7650715112686157
0.8268960118293762
0.8578401803970337
0.8693870902061462
0.8779922127723694
0.8872037529945374
0.8891331553459167
0.8932348489761353
0.900836169719696

loss
0.7571948766708374
0.3537442982196808
0.20842483639717102
0.15690281987190247
0.13503529131412506
0.12019606679677963
0.1107923611998558
0.1077737808227539
0.102846659719944
0.09521118551492691

recall
0.5674116611480713
0.8490588665008545
0.8969004154205322
0.9221575856208801
0.9344834089279175
0.9282481670379639
0.9380266666412354
0.9439529180526733
0.9412661790847778
0.9496573805809021

val_accuracy
0.8889214396476746
0.9214947819709778
0.9315954446792603
0.9325768947601318
0.9245693683624268
0.9400894045829773
0.9399473667144775
0.9431400299072266
0.9446847438812256
0.9388017654418945

val_f1_score
0.8706239461898804
0.8988903760910034
0.9108346700668335
0.9106557965278625
0.8967836499214172
0.9216991662979126
0.9213275909423828
0.9260576963424683
0.9279629588127136
0.9180558323860168

val_iou_score
0.7697101831436157
0.8161792755126953
0.8360610604286194
0.8358907699584961
0.8129389882087708
0.8546019196510315
0.8539930582046509
0.8620496988296509
0.8653296232223511
0.8485058546066284

val_loss
0.4208236634731293
0.24317173659801483
0.20171348750591278
0.18811310827732086
0.2013334035873413
0.14841923117637634
0.15004944801330566
0.14067266881465912
0.13585622608661652
0.15645967423915863

val_recall
0.956585705280304
0.8931611180305481
0.8942227959632874
0.879455029964447
0.8386948704719543
0.9024932980537415
0.899996817111969
0.9113157987594604
0.9118776917457581
0.877419650554657

