accuracy
0.7021605372428894
0.8788931965827942
0.915769100189209
0.9358038902282715
0.9456341862678528
0.9533776640892029
0.9596413373947144
0.9588534235954285
0.9647101163864136
0.9673861265182495

f1_score
0.7041616439819336
0.8616577982902527
0.908275306224823
0.9336416721343994
0.9462798237800598
0.9544061422348022
0.9602820873260498
0.958681046962738
0.9649252891540527
0.9683713912963867

iou_score
0.5766893029212952
0.7620530128479004
0.8304264545440674
0.8759129643440247
0.8976781964302063
0.9107980728149414
0.9206286072731018
0.9223282933235168
0.9333454966545105
0.9393934607505798

loss
0.544243574142456
0.2729932367801666
0.21565847098827362
0.15425826609134674
0.1299266219139099
0.11201446503400803
0.09955567121505737
0.08998167514801025
0.07895766943693161
0.07205107808113098

recall
0.7708877325057983
0.8101412653923035
0.8814801573753357
0.9269856214523315
0.9525430798530579
0.9550189971923828
0.9537400007247925
0.9479856491088867
0.9534825086593628
0.9599698185920715

val_accuracy
0.4660821557044983
0.4908383786678314
0.5511173009872437
0.5524464845657349
0.5323389768600464
0.5508272647857666
0.6017330288887024
0.6584400534629822
0.6980860829353333
0.7292735576629639

val_f1_score
0.6441345810890198
0.6551318764686584
0.6834347248077393
0.6841628551483154
0.6744347214698792
0.6834051609039307
0.7092416286468506
0.7403877377510071
0.763765811920166
0.7831651568412781

val_iou_score
0.4450749456882477
0.45887070894241333
0.501789927482605
0.5034507513046265
0.4891358017921448
0.4976021647453308
0.5311440229415894
0.5757346749305725
0.6071478128433228
0.6316424608230591

val_loss
2.319016933441162
1.2988868951797485
0.9447952508926392
0.9153304100036621
1.066587209701538
1.107352375984192
1.0580623149871826
0.9596139788627625
0.9105772972106934
0.8550949096679688

val_recall
1.0
1.0
0.9994778633117676
0.9998181462287903
1.0
1.0
0.9993624687194824
0.9982295632362366
0.9968320727348328
0.9951688051223755

