accuracy
0.4433573782444
0.5514179468154907
0.5473769307136536
0.504759669303894
0.695496141910553
0.8029968738555908
0.8396800756454468
0.8253546357154846
0.8564620018005371
0.9027550220489502

binary_crossentropy
10.821891784667969
2.2334234714508057
0.7012782096862793
0.6993994116783142
0.685168445110321
0.6711621880531311
0.6397984623908997
0.5870099663734436
0.4597106873989105
0.3023134171962738

f1_score
0.5171298384666443
0.0
0.5952879786491394
0.6351251006126404
0.6922144293785095
0.7652162313461304
0.8323070406913757
0.8197858929634094
0.843773603439331
0.8943008780479431

iou_score
0.730636477470398
0.730636477470398
0.730636477470398
0.730636477470398
0.730636477470398
0.730636477470398
0.730636477470398
0.730636477470398
0.730636477470398
0.730636477470398

loss
10.821891784667969
2.2334234714508057
0.7012782096862793
0.6993994116783142
0.685168445110321
0.6711621880531311
0.6397984623908997
0.5870099663734436
0.4597106873989105
0.3023134171962738

recall
0.6644676923751831
0.0
0.742071807384491
0.9608585834503174
0.7633320093154907
0.7156777381896973
0.8869199752807617
0.8855172395706177
0.864105224609375
0.9170808792114258

val_accuracy
0.535821259021759
0.5901031494140625
0.5145263671875
0.5323176980018616
0.6041162014007568
0.6432918906211853
0.637858510017395
0.7193043828010559
0.7143698930740356
0.5461603999137878

val_binary_crossentropy
3.9523298740386963
0.6896156072616577
0.7019090056419373
0.6984850168228149
0.6851164102554321
0.670577883720398
0.678408682346344
1.0787919759750366
3.826788902282715
45.64955520629883

val_f1_score
0.0
0.37834471464157104
0.6469647288322449
0.6308782696723938
0.5914778113365173
0.6870877146720886
0.7027928233146667
0.6824514865875244
0.6574821472167969
0.6509318947792053

val_iou_score
0.730636477470398
0.730636477470398
0.730636477470398
0.730636477470398
0.730636477470398
0.730636477470398
0.730636477470398
0.730636477470398
0.730636477470398
0.730636477470398

val_loss
3.9523298740386963
0.6896156072616577
0.7019090056419373
0.6984850168228149
0.6851164102554321
0.670577883720398
0.678408682346344
1.0787919759750366
3.826788902282715
45.64955520629883

val_recall
0.0
0.2687184810638428
0.9583256840705872
0.861017107963562
0.6174124479293823
0.8436987400054932
0.9224250912666321
0.649803876876831
0.5905947685241699
0.9116172790527344

