accuracy
0.46135538816452026
0.6005550622940063
0.5177740454673767
0.5177740454673767
0.5143169164657593
0.5195329785346985
0.536753237247467
0.5527371764183044
0.5810585021972656
0.6619682312011719

f1_score
0.5190092921257019
0.6336139440536499
0.0
0.0
0.006514895707368851
0.026696747168898582
0.0823904499411583
0.14056479930877686
0.24244752526283264
0.46568548679351807

iou_score
0.3843840956687927
0.28165990114212036
0.0
0.0
0.005642814561724663
0.014200171455740929
0.0405922532081604
0.08022404462099075
0.1483757495880127
0.3134686350822449

loss
13.10185718536377
7.8559889793396
1.8469351530075073
0.6672184467315674
0.6653856039047241
0.6630935668945312
0.637751042842865
0.6217833161354065
0.5797125101089478
0.5537834167480469

recall
0.6026433110237122
0.7162460088729858
0.0
0.0
0.0033023166470229626
0.013664485886693
0.043127160519361496
0.075848288834095
0.1390201896429062
0.3054729104042053

val_accuracy
0.43754270672798157
0.6327642202377319
0.6327642202377319
0.6321357488632202
0.616338849067688
0.6259872317314148
0.6323098540306091
0.63218092918396
0.6327502727508545
0.6339096426963806

val_f1_score
0.566148579120636
0.0
0.0
9.67466075962875e-06
0.0008814905886538327
0.0004476573958527297
7.619865755259525e-06
0.00019595747289713472
0.00207785633392632
0.009272174909710884

val_iou_score
0.39573508501052856
0.0
0.0
4.42217515228549e-06
0.0004230448976159096
0.00021568329248111695
3.3531819099152926e-06
8.97188947419636e-05
0.0009853389346972108
0.004559498745948076

val_loss
1.6619362831115723
2.7323358058929443
0.7442483305931091
0.7858765721321106
0.9310119152069092
1.2283037900924683
1.772918462753296
2.3610825538635254
3.504486083984375
3.5550761222839355

val_recall
0.9993187785148621
0.0
0.0
4.845826879318338e-06
0.00046086907968856394
0.00022806317429058254
3.8148000385263e-06
9.815377416089177e-05
0.0010411310940980911
0.004664881620556116

