accuracy
0.8903363943099976
0.9350146055221558
0.9350144267082214
0.9350146055221558
0.9350146055221558
0.9350146055221558
0.9350147247314453
0.9349688291549683
0.9359132647514343
0.9378650784492493

f1_score
0.01603964902460575
0.0
0.0
0.0
0.0
0.0
0.0
0.00025336703401990235
0.041168395429849625
0.12078692018985748

iou_score
0.0013622931437566876
0.0
0.0
0.0
0.0
0.0
0.0
0.00013743681483902037
0.0183150302618742
0.051568999886512756

loss
0.4122847318649292
0.2590263783931732
0.22258035838603973
0.20687000453472137
0.20450542867183685
0.19280597567558289
0.1847684234380722
0.18169564008712769
0.17508727312088013
0.17841659486293793

recall
0.013754205778241158
0.0
0.0
0.0
0.0
0.0
0.0
0.0001268049090867862
0.021171167492866516
0.06567744165658951

val_accuracy
0.8285427689552307
0.8285427689552307
0.8285427689552307
0.8285427689552307
0.8285427689552307
0.8285427689552307
0.8285427689552307
0.8285427689552307
0.8285427689552307
0.8285427689552307

val_f1_score
0.0
0.0
0.0
0.0
0.0
0.0
0.0
0.0
0.0
0.0

val_iou_score
0.0
0.0
0.0
0.0
0.0
0.0
0.0
0.0
0.0
0.0

val_loss
0.49263715744018555
0.5120485424995422
0.4969310164451599
0.4262597858905792
0.4080612063407898
0.43834376335144043
0.5087680816650391
0.45318660140037537
0.40608447790145874
0.5081467032432556

val_recall
0.0
0.0
0.0
0.0
0.0
0.0
0.0
0.0
0.0
0.0

