accuracy
0.6875838041305542
0.8977215886116028
0.928679883480072
0.939856767654419
0.946725070476532
0.9509890675544739
0.9544139504432678
0.9564536809921265
0.9582346677780151
0.9597131013870239

f1_score
0.6188825368881226
0.8690173029899597
0.910702645778656
0.9244397282600403
0.9323949813842773
0.9381219148635864
0.942341148853302
0.9449754953384399
0.9472600221633911
0.9493331909179688

iou_score
0.4482308030128479
0.7686571478843689
0.8359702229499817
0.8592750430107117
0.8731194734573364
0.8833593130111694
0.8909120559692383
0.89556884765625
0.8996899724006653
0.9033746719360352

loss
0.6549099087715149
0.3157167434692383
0.19884149730205536
0.1542757898569107
0.12996307015419006
0.11598708480596542
0.10690505057573318
0.10154978185892105
0.09670095890760422
0.09309254586696625

recall
0.6396231651306152
0.8555394411087036
0.9170465469360352
0.9277128577232361
0.9263720512390137
0.9368225336074829
0.939325213432312
0.9428819417953491
0.945773720741272
0.951701283454895

val_accuracy
0.812478244304657
0.9074491262435913
0.9334067106246948
0.935725212097168
0.9366907477378845
0.9395799040794373
0.9421527981758118
0.9448617696762085
0.9448100328445435
0.9456998109817505

val_f1_score
0.7921573519706726
0.8815137147903442
0.9054080247879028
0.9088128805160522
0.9103036522865295
0.9146023988723755
0.9190466403961182
0.9227522015571594
0.9218663573265076
0.923096776008606

val_iou_score
0.6527090668678284
0.7857555150985718
0.8260579705238342
0.8318153023719788
0.8343018293380737
0.8414528965950012
0.8490056395530701
0.8553717732429504
0.8537284135818481
0.8556636571884155

val_loss
0.4999243915081024
0.2944057285785675
0.1994716376066208
0.1734471321105957
0.15530748665332794
0.14743371307849884
0.14274421334266663
0.1359766572713852
0.13697943091392517
0.13463102281093597

val_recall
0.9909660220146179
0.9547115564346313
0.8837941288948059
0.8882028460502625
0.8908595442771912
0.8972192406654358
0.9105748534202576
0.9132336378097534
0.9028599858283997
0.9037207961082458

