accuracy
0.5013132691383362
0.613620400428772
0.6398974061012268
0.7720732092857361
0.84467613697052
0.9020148515701294
0.9083410501480103
0.924675464630127
0.9224868416786194
0.9304726123809814

binary_crossentropy
6.210205078125
0.6661031246185303
0.6007712483406067
0.46641817688941956
0.3713840842247009
0.2412390261888504
0.21092060208320618
0.188007190823555
0.19613444805145264
0.17042917013168335

f1_score
0.478982537984848
0.4315461814403534
0.37027257680892944
0.675483226776123
0.8391153812408447
0.8908693790435791
0.8978038430213928
0.9147570133209229
0.9092153310775757
0.9184236526489258

iou_score
0.0
0.0
0.0
0.0
0.0
0.0
0.0
0.0
0.0
0.0

loss
6.210205078125
0.6661031246185303
0.6007712483406067
0.46641817688941956
0.3713840842247009
0.2412390261888504
0.21092060208320618
0.188007190823555
0.19613444805145264
0.17042917013168335

recall
0.5288212299346924
0.33834514021873474
0.24423551559448242
0.5472509264945984
0.9344562888145447
0.9226589202880859
0.9288288354873657
0.9323892593383789
0.8954544067382812
0.9029179811477661

val_accuracy
0.6238915324211121
0.619602382183075
0.6238915324211121
0.6306190490722656
0.6238915324211121
0.6239797472953796
0.6238915324211121
0.6238915324211121
0.6238915324211121
0.624073326587677

val_binary_crossentropy
0.7712677717208862
0.6141986846923828
16.415115356445312
1.1598989963531494
4.300770282745361
1.4354103803634644
3.982504367828369
22.353607177734375
7.193289279937744
2.3122360706329346

val_f1_score
0.0
0.188368558883667
0.0
0.048939988017082214
0.0
0.0004687301116064191
0.0
0.0
0.0
0.0011182954767718911

val_iou_score
0.0
0.0
0.0
0.0
0.0
0.0
0.0
0.0
0.0
0.0

val_loss
0.7712677717208862
0.6141986846923828
16.415115356445312
1.1598989963531494
4.300770282745361
1.4354103803634644
3.982504367828369
22.353607177734375
7.193289279937744
2.3122360706329346

val_recall
0.0
0.11736654490232468
0.0
0.02526896260678768
0.0
0.00023442000383511186
0.0
0.0
0.0
0.000559503270778805

