accuracy
0.6048703193664551
0.8917608261108398
0.9089963436126709
0.9298272728919983
0.9389421939849854
0.944434404373169
0.9396905899047852
0.9441862106323242
0.9484381079673767
0.9519692659378052

binary_crossentropy
0.6869980096817017
0.37256941199302673
0.2632148861885071
0.2134564369916916
0.1698659360408783
0.1558464765548706
0.15392370522022247
0.14573225378990173
0.12505507469177246
0.11749012768268585

f1_score
0.6166757345199585
0.876844584941864
0.8876794576644897
0.9200211763381958
0.9298020005226135
0.9355035424232483
0.9328376054763794
0.9337208867073059
0.9409634470939636
0.9449059367179871

iou_score
0.8566519618034363
0.8566519618034363
0.8566519618034363
0.8566519618034363
0.8566519618034363
0.8566519618034363
0.8566519618034363
0.8566519618034363
0.8566519618034363
0.8566519618034363

loss
0.6869980096817017
0.37256941199302673
0.2632148861885071
0.2134564369916916
0.1698659360408783
0.1558464765548706
0.15392370522022247
0.14573225378990173
0.12505507469177246
0.11749012768268585

recall
0.7316907644271851
0.8870559930801392
0.8278533816337585
0.9291568398475647
0.9309031367301941
0.9277118444442749
0.9641904234886169
0.9050641655921936
0.9459723234176636
0.9482007622718811

val_accuracy
0.8675456643104553
0.903610348701477
0.8985214829444885
0.9289065003395081
0.9306894540786743
0.9327078461647034
0.9213922023773193
0.9347259402275085
0.9327569007873535
0.936308741569519

val_binary_crossentropy
0.4253360629081726
0.3193996548652649
0.3336319029331207
0.21663352847099304
0.19990286231040955
0.18109755218029022
0.20205934345722198
0.16137543320655823
0.16428837180137634
0.15372930467128754

val_f1_score
0.8463961482048035
0.8800778985023499
0.8772053122520447
0.9054861664772034
0.9089067578315735
0.9116778373718262
0.8879837393760681
0.914208173751831
0.9075321555137634
0.9137690663337708

val_iou_score
0.8566519618034363
0.8566519618034363
0.8566519618034363
0.8566519618034363
0.8566519618034363
0.8566519618034363
0.8566519618034363
0.8566519618034363
0.8566519618034363
0.8566519618034363

val_loss
0.4253360629081726
0.3193996548652649
0.3336319029331207
0.21663352847099304
0.19990286231040955
0.18109755218029022
0.20205934345722198
0.16137543320655823
0.16428837180137634
0.15372930467128754

val_recall
0.971278190612793
0.9413657188415527
0.9647208452224731
0.9064055681228638
0.9203193783760071
0.9243634939193726
0.8292690515518188
0.9256493449211121
0.8782638311386108
0.8981720209121704

