accuracy
0.5218977332115173
0.33790865540504456
0.6620913147926331
0.6620913147926331
0.6880021691322327
0.42570218443870544
0.41898277401924133
0.5345750451087952
0.7054221630096436
0.6665094494819641

f1_score
0.27142006158828735
0.5051295757293701
0.0
0.0
0.23200003802776337
0.5378409028053284
0.5372510552406311
0.5883572101593018
0.29208138585090637
0.028701171278953552

iou_score
0.15701913833618164
0.33790865540504456
0.0
0.0
0.13122175633907318
0.3678402602672577
0.3672886788845062
0.41678905487060547
0.17101600766181946
0.014559525065124035

loss
0.7223844528198242
16.359689712524414
8.401246070861816
1.1443434953689575
0.6265642046928406
0.7353867888450623
0.7283599972724915
0.6820759177207947
0.6430373787879944
0.628855288028717

recall
0.2635459303855896
1.0
0.0
0.0
0.13945984840393066
0.9889407753944397
0.9981403946876526
0.9843306541442871
0.17984211444854736
0.014581460505723953

val_accuracy
0.46498963236808777
0.5350978970527649
0.5350978970527649
0.5735371708869934
0.52375328540802
0.5123159289360046
0.5646502375602722
0.6214016079902649
0.5366668701171875
0.5351682901382446

val_f1_score
0.6347589492797852
0.0
0.0
0.37471121549606323
0.6100782752037048
0.6098349094390869
0.6182478666305542
0.5132861137390137
0.016481393948197365
0.000987432198598981

val_iou_score
0.4583883285522461
0.0
0.0
0.22346384823322296
0.4356277585029602
0.43551287055015564
0.44855445623397827
0.34904539585113525
0.00813065655529499
0.0003576955059543252

val_loss
14.388429641723633
13.37887191772461
1.7000185251235962
0.6679081916809082
0.7250029444694519
0.7764119505882263
0.9957494735717773
1.7166343927383423
22.803388595581055
93.07681274414062

val_recall
1.0
0.0
0.0
0.2748563587665558
0.8013985753059387
0.8198059797286987
0.7582771182060242
0.42941102385520935
0.008350514806807041
0.0004941293154843152

