accuracy
0.5409255027770996
0.68326336145401
0.902923583984375
0.9265960454940796
0.9341434836387634
0.9419766664505005
0.9466754198074341
0.9497682452201843
0.952191948890686
0.9538237452507019

f1_score
0.5077793002128601
0.29259926080703735
0.8712520599365234
0.9027473330497742
0.911861777305603
0.9229708909988403
0.9287407994270325
0.9326182007789612
0.9361299276351929
0.9380038380622864

iou_score
0.292786180973053
0.17741936445236206
0.7725277543067932
0.8229706883430481
0.8385202288627625
0.8563603162765503
0.8666304349899292
0.8738411068916321
0.8797550201416016
0.8832005262374878

loss
5.764048099517822
0.5841637849807739
0.25028541684150696
0.17876970767974854
0.16282545030117035
0.14076775312423706
0.12751390039920807
0.11860489845275879
0.1117139607667923
0.10729040950536728

recall
0.6341075301170349
0.17541652917861938
0.8795933127403259
0.9123233556747437
0.9122819900512695
0.9308937191963196
0.9305633306503296
0.930903971195221
0.9382194876670837
0.935455322265625

val_accuracy
0.6462516784667969
0.6189343333244324
0.6096526980400085
0.609690248966217
0.7494593858718872
0.8539935350418091
0.8892191648483276
0.6974706649780273
0.8234598636627197
0.9273343682289124

val_f1_score
0.19610008597373962
0.046852957457304
0.0003647096164058894
0.0004914745804853737
0.5299475193023682
0.7736894488334656
0.8693046569824219
0.7195119261741638
0.8143053650856018
0.905250072479248

val_iou_score
0.10764644294977188
0.024341097101569176
0.00016560118820052594
0.00021209516853559762
0.38610345125198364
0.6437934637069702
0.7655707597732544
0.5637153387069702
0.6876522302627563
0.8279435038566589

val_loss
1.2921909093856812
8.552412033081055
1.3060579299926758
1.1057482957839966
0.5934184193611145
0.3186352252960205
0.3808175325393677
0.5482784509658813
0.3632802963256836
0.19959113001823425

val_recall
0.11051574349403381
0.023990029469132423
0.0001823940547183156
0.00024579770979471505
0.36175835132598877
0.6392752528190613
0.943693220615387
0.9939057230949402
0.9914827942848206
0.8891452550888062

