disease_segmentation_accuracy
0.6027097702026367
0.6074932217597961
0.6149116158485413
0.6286766529083252
0.6475880742073059
0.6645885109901428
0.6852375864982605
0.7010650634765625
0.7160927057266235
0.729060709476471

disease_segmentation_binary_crossentropy
1.1018102169036865
0.9829897880554199
0.8816744089126587
0.799213171005249
0.7284005880355835
0.6749025583267212
0.6347846984863281
0.5991262197494507
0.5685462951660156
0.5423458218574524

disease_segmentation_f1_score
0.01099465787410736
0.03127050772309303
0.06814813613891602
0.13335442543029785
0.21714983880519867
0.28730279207229614
0.36219385266304016
0.4171513617038727
0.4652095437049866
0.503732442855835

disease_segmentation_recall
0.005555370356887579
0.015935132279992104
0.035414353013038635
0.07182221859693527
0.12281405925750732
0.1697550266981125
0.22425229847431183
0.2682197093963623
0.30932432413101196
0.34417933225631714

leaf_segmentation_accuracy
0.20214997231960297
0.213485449552536
0.22563031315803528
0.23759061098098755
0.2510080933570862
0.26350197196006775
0.27506279945373535
0.2885216176509857
0.3069947361946106
0.3254256844520569

leaf_segmentation_binary_crossentropy
1.0415208339691162
1.0251902341842651
1.011405348777771
1.0001107454299927
0.9885846376419067
0.9778095483779907
0.9695515632629395
0.9623860120773315
0.9506491422653198
0.9424432516098022

leaf_segmentation_f1_score
0.14690770208835602
0.15638713538646698
0.1658671647310257
0.17175190150737762
0.1783187985420227
0.18414300680160522
0.18890807032585144
0.19363869726657867
0.1990419179201126
0.2046283483505249

leaf_segmentation_recall
0.7222186923027039
0.7647464871406555
0.8063808083534241
0.826723575592041
0.8486103415489197
0.8664082288742065
0.8792005777359009
0.8882409334182739
0.8942458629608154
0.8996408581733704

loss
2.143331289291382
2.0081801414489746
1.8930797576904297
1.7993240356445312
1.7169851064682007
1.6527118682861328
1.6043363809585571
1.5615122318267822
1.5191954374313354
1.4847890138626099

val_disease_segmentation_accuracy
0.5924720764160156
0.6008728742599487
0.6351922154426575
0.6818842887878418
0.717724084854126
0.7446417212486267
0.765239953994751
0.7766883969306946
0.7852140665054321
0.7922379374504089

val_disease_segmentation_binary_crossentropy
1.3013982772827148
0.9344844818115234
0.7357069253921509
0.6270877122879028
0.5678926706314087
0.5324280261993408
0.5060588121414185
0.48703569173812866
0.4714524745941162
0.45773500204086304

val_disease_segmentation_f1_score
0.016043230891227722
0.09943965077400208
0.28022608160972595
0.4590006172657013
0.5691700577735901
0.6365006566047668
0.6838045716285706
0.7078473567962646
0.7238791584968567
0.7350804209709167

val_disease_segmentation_recall
0.008135726675391197
0.05390368774533272
0.1733020693063736
0.32802438735961914
0.45116397738456726
0.5386452674865723
0.6087884902954102
0.6468310356140137
0.6716805100440979
0.686488926410675

val_leaf_segmentation_accuracy
0.46927937865257263
0.42596590518951416
0.4068865478038788
0.3995283842086792
0.38878336548805237
0.3767116963863373
0.3644770383834839
0.3594668507575989
0.3561309278011322
0.3562600910663605

val_leaf_segmentation_binary_crossentropy
0.8254879117012024
0.8554481267929077
0.8632795214653015
0.8614915013313293
0.8608752489089966
0.8584953546524048
0.8565089106559753
0.8537096977233887
0.852565586566925
0.8510038256645203

val_leaf_segmentation_f1_score
0.17408791184425354
0.18704566359519958
0.19520094990730286
0.20306900143623352
0.20661522448062897
0.2084980309009552
0.20864653587341309
0.20898370444774628
0.2093230038881302
0.2109522670507431

val_leaf_segmentation_recall
0.5177090764045715
0.6098560094833374
0.6634092330932617
0.7046890258789062
0.7327739596366882
0.7558088898658752
0.7714702486991882
0.7792770862579346
0.7850304245948792
0.7925224304199219

val_loss
2.1268863677978516
1.7899326086044312
1.5989865064620972
1.4885791540145874
1.4287679195404053
1.390923261642456
1.362567663192749
1.340745449066162
1.324018120765686
1.3087389469146729

