accuracy
0.5914445519447327
0.7587805986404419
0.8576481342315674
0.8761985301971436
0.8934695720672607
0.9015085697174072
0.906034529209137
0.9154742360115051
0.9198989868164062
0.9291189908981323

f1_score
0.4126048982143402
0.6832873225212097
0.8493446111679077
0.8687523007392883
0.885493278503418
0.895526111125946
0.9036555290222168
0.9135462045669556
0.9163200259208679
0.9280591607093811

iou_score
0.27582862973213196
0.535676121711731
0.740797758102417
0.7521747350692749
0.7890492677688599
0.8096762895584106
0.8281262516975403
0.8438265919685364
0.8511520028114319
0.8642520308494568

loss
1.3210053443908691
0.5269388556480408
0.3213096857070923
0.3066835403442383
0.2604837715625763
0.23656775057315826
0.2156970500946045
0.19555583596229553
0.18076539039611816
0.16826526820659637

recall
0.30659863352775574
0.552991509437561
0.8325561881065369
0.8484092950820923
0.8523983955383301
0.8691801428794861
0.897691547870636
0.9029839634895325
0.891817033290863
0.919155478477478

val_accuracy
0.38029801845550537
0.38029801845550537
0.40374717116355896
0.4102475941181183
0.38029801845550537
0.38029801845550537
0.410400390625
0.42755332589149475
0.635567843914032
0.5726027488708496

val_f1_score
0.5617203712463379
0.5617203712463379
0.5713552832603455
0.5735005736351013
0.5617203712463379
0.5617203712463379
0.5741373300552368
0.5809468626976013
0.6626704931259155
0.6311814188957214

val_iou_score
0.3853422701358795
0.3853422701358795
0.3945951759815216
0.3967286944389343
0.3853422701358795
0.3853422701358795
0.3972912132740021
0.404053270816803
0.4898403286933899
0.4553443491458893

val_loss
2579.172607421875
7764.13671875
2640.7607421875
927.9276123046875
772.6675415039062
234.8495635986328
57.80146026611328
15.8811616897583
1.1623735427856445
1.0864672660827637

val_recall
1.0
1.0
1.0
0.9977504014968872
1.0
1.0
0.9999702572822571
0.9981203675270081
0.8948778510093689
0.9159532785415649

