accuracy
0.8120571374893188
0.8921956419944763
0.910905659198761
0.9244713187217712
0.9306583404541016
0.9353632926940918
0.9390749335289001
0.9412031769752502
0.9431334733963013
0.9465722441673279

f1_score
0.7670344114303589
0.8652149438858032
0.8882681727409363
0.9077473282814026
0.915744423866272
0.9235956072807312
0.928884744644165
0.9314859509468079
0.9331474304199219
0.938488245010376

iou_score
0.6457204818725586
0.7625119686126709
0.8001972436904907
0.8313930034637451
0.8466413021087646
0.8580526113510132
0.8673805594444275
0.8716295957565308
0.8758330941200256
0.8846280574798584

loss
0.41261932253837585
0.2424972653388977
0.19804313778877258
0.16756679117679596
0.15094807744026184
0.13926519453525543
0.13041910529136658
0.12512491643428802
0.11945636570453644
0.11133403331041336

recall
0.7745373845100403
0.8420426845550537
0.8552667498588562
0.8822067975997925
0.8893208503723145
0.906097412109375
0.9141353368759155
0.9152951836585999
0.9119540452957153
0.9222897291183472

val_accuracy
0.4272520840167999
0.6182876825332642
0.7382409572601318
0.7877209782600403
0.8174819946289062
0.8640775680541992
0.8756731748580933
0.8886471390724182
0.890656054019928
0.8993879556655884

val_f1_score
0.5862370729446411
0.6823285818099976
0.7600938677787781
0.7964715957641602
0.8206670880317688
0.8588070273399353
0.8685525059700012
0.8789288401603699
0.8802207112312317
0.8871518969535828

val_iou_score
0.4160553812980652
0.5215408205986023
0.6174113750457764
0.665410041809082
0.6991710662841797
0.7559568881988525
0.769890308380127
0.7857732772827148
0.7888797521591187
0.800544261932373

val_loss
3.1094517707824707
1.5712881088256836
0.9253133535385132
0.6898980140686035
0.5598732233047485
0.3948162794113159
0.3518052101135254
0.300110787153244
0.2852562665939331
0.24968305230140686

val_recall
0.9999966621398926
0.9977479577064514
0.9929313659667969
0.9845402240753174
0.9809319972991943
0.9581549763679504
0.9486976861953735
0.9326511025428772
0.9283486008644104
0.9143950343132019

