accuracy
0.5814405679702759
0.806105375289917
0.9152145385742188
0.9321123957633972
0.9382496476173401
0.9469500780105591
0.9499641060829163
0.9484066963195801
0.9556759595870972
0.9586753845214844

binary_crossentropy
3.2082290649414062
0.36870479583740234
0.2026653289794922
0.16190755367279053
0.14897359907627106
0.12413327395915985
0.11668597161769867
0.1177046149969101
0.1022261381149292
0.09496898949146271

f1_score
0.4472050964832306
0.6827782988548279
0.8899658918380737
0.9103904962539673
0.9173187017440796
0.9292543530464172
0.9327712059020996
0.931571364402771
0.9405636787414551
0.9446955323219299

loss
3.2082290649414062
0.36870479583740234
0.2026653289794922
0.16190755367279053
0.14897359907627106
0.12413327395915985
0.11668597161769867
0.1177046149969101
0.1022261381149292
0.09496898949146271

recall
0.45290422439575195
0.5581989288330078
0.9172207117080688
0.9225100874900818
0.9163462519645691
0.932023286819458
0.9285570979118347
0.9394602179527283
0.9381702542304993
0.9441654682159424

val_accuracy
0.6105049252510071
0.6105049252510071
0.6108899116516113
0.6105049252510071
0.6658145189285278
0.5720551609992981
0.6605687737464905
0.8642174601554871
0.9157195091247559
0.9238072037696838

val_binary_crossentropy
2.078871965408325
2.3458948135375977
2.0522525310516357
6.494670867919922
0.8422605395317078
3.912734270095825
2.378213882446289
0.40937891602516174
0.22565796971321106
0.20840449631214142

val_f1_score
0.0
0.0
0.0019748308695852757
0.0
0.6988349556922913
0.6453669667243958
0.6959918737411499
0.8474161624908447
0.8992484211921692
0.9083504676818848

val_loss
2.078871965408325
2.3458948135375977
2.0522525310516357
6.494670867919922
0.8422605395317078
3.912734270095825
2.378213882446289
0.40937891602516174
0.22565796971321106
0.20840449631214142

val_recall
0.0
0.0
0.0009883914608508348
0.0
0.9954643249511719
0.9997316002845764
0.9975594878196716
0.9680557250976562
0.9656572937965393
0.9694048166275024

