accuracy
0.47898173332214355
0.6312068104743958
0.8231067061424255
0.8609349131584167
0.8954188227653503
0.9160403609275818
0.9354085326194763
0.9339550137519836
0.9442852139472961
0.9460577964782715

binary_crossentropy
8.460060119628906
0.6824325919151306
0.5934043526649475
0.3921416401863098
0.26787278056144714
0.21430203318595886
0.1525859534740448
0.16194000840187073
0.14168179035186768
0.1317027062177658

f1_score
0.3042466342449188
0.5669530630111694
0.7915178537368774
0.8408234119415283
0.8874728679656982
0.908356785774231
0.9270346760749817
0.9278442859649658
0.9375893473625183
0.9384965896606445

iou_score
0.36060675978660583
0.36060675978660583
0.36060675978660583
0.36060675978660583
0.36060675978660583
0.36060675978660583
0.36060675978660583
0.36060675978660583
0.36060675978660583
0.36060675978660583

loss
8.460060119628906
0.6824325919151306
0.5934043526649475
0.3921416401863098
0.26787278056144714
0.21430203318595886
0.1525859534740448
0.16194000840187073
0.14168179035186768
0.1317027062177658

recall
0.2579827308654785
0.5467166304588318
0.7604497671127319
0.8317847847938538
0.9339394569396973
0.9423105716705322
0.9292265176773071
0.9616382718086243
0.947745680809021
0.9320299625396729

val_accuracy
0.5044453740119934
0.6275227665901184
0.5254376530647278
0.5148785710334778
0.506598174571991
0.571929931640625
0.4875373840332031
0.5862553715705872
0.6138216853141785
0.5990409851074219

val_binary_crossentropy
0.6950206160545349
0.6741102337837219
2.137601852416992
4.3273797035217285
17.51746368408203
8.675894737243652
7.0674896240234375
1.4967349767684937
1.202026605606079
1.735703468322754

val_f1_score
0.5586289167404175
0.5635249018669128
0.3226475715637207
0.3160177767276764
0.2661247253417969
0.4515203833580017
0.2695010006427765
0.4997786283493042
0.5558085441589355
0.5300675630569458

val_iou_score
0.36060675978660583
0.36060675978660583
0.36060675978660583
0.36060675978660583
0.36060675978660583
0.36060675978660583
0.36060675978660583
0.36060675978660583
0.36060675978660583
0.36060675978660583

val_loss
0.6950206160545349
0.6741102337837219
2.137601852416992
4.3273797035217285
17.51746368408203
8.675894737243652
7.0674896240234375
1.4967349767684937
1.202026605606079
1.735703468322754

val_recall
0.561560869216919
0.43056538701057434
0.20239171385765076
0.20067943632602692
0.16019518673419952
0.31551313400268555
0.16927340626716614
0.37011224031448364
0.43264198303222656
0.4049314260482788

