accuracy
0.5856022834777832
0.6472824215888977
0.866561770439148
0.914818525314331
0.9299825429916382
0.9399433732032776
0.9468837380409241
0.9473376870155334
0.9480298161506653
0.9521592855453491

binary_crossentropy
4.642162322998047
0.44117769598960876
0.3703364431858063
0.2163304090499878
0.16883936524391174
0.14522318542003632
0.12764526903629303
0.12189129739999771
0.11816729605197906
0.10940519720315933

f1_score
0.1536809504032135
0.1804867684841156
0.8135566115379333
0.8908587098121643
0.9100462794303894
0.9225560426712036
0.9314004778862
0.9325398802757263
0.9326359629631042
0.9387261271476746

iou_score
0.8597237467765808
0.8597237467765808
0.8597237467765808
0.8597237467765808
0.8597237467765808
0.8597237467765808
0.8597237467765808
0.8597237467765808
0.8597237467765808
0.8597237467765808

loss
4.642162322998047
0.44117769598960876
0.3703364431858063
0.2163304090499878
0.16883936524391174
0.14522318542003632
0.12764526903629303
0.12189129739999771
0.11816729605197906
0.10940519720315933

recall
0.09673823416233063
0.09986454993486404
0.7485418319702148
0.8938404321670532
0.9106384515762329
0.9197306632995605
0.9271242022514343
0.9358707070350647
0.9249821901321411
0.9422274827957153

val_accuracy
0.5968565940856934
0.5968565940856934
0.5968565940856934
0.5968565940856934
0.6095232367515564
0.7232075333595276
0.9046751260757446
0.8797618746757507
0.9109911322593689
0.9421844482421875

val_binary_crossentropy
1.5518548488616943
8.589033126831055
6.93721866607666
4.121754169464111
0.9596009254455566
0.556080162525177
0.2687351405620575
0.3285891115665436
0.24729228019714355
0.14838509261608124

val_f1_score
0.0
0.0
0.0
0.0
0.06234953925013542
0.4783780872821808
0.8698975443840027
0.8261977434158325
0.8776955008506775
0.9252813458442688

val_iou_score
0.8597237467765808
0.8597237467765808
0.8597237467765808
0.8597237467765808
0.8597237467765808
0.8597237467765808
0.8597237467765808
0.8597237467765808
0.8597237467765808
0.8597237467765808

val_loss
1.5518548488616943
8.589033126831055
6.93721866607666
4.121754169464111
0.9596009254455566
0.556080162525177
0.2687351405620575
0.3285891115665436
0.24729228019714355
0.14838509261608124

val_recall
0.0
0.0
0.0
0.0
0.03220312297344208
0.31483298540115356
0.790495753288269
0.7088941335678101
0.7922188639640808
0.8879736661911011

