accuracy
0.5516281127929688
0.5643343329429626
0.5727770328521729
0.5786183476448059
0.5867075324058533
0.5887736082077026
0.6001360416412354
0.609697699546814
0.6080370545387268
0.6242736577987671

binary_crossentropy
0.6938130259513855
0.6844968795776367
0.6798583269119263
0.6780753135681152
0.6739038228988647
0.6691840887069702
0.662531852722168
0.6593292951583862
0.6578878164291382
0.6526293754577637

f1_score
0.49276837706565857
0.5224260091781616
0.543542742729187
0.558134913444519
0.5821778178215027
0.5857905745506287
0.6051746010780334
0.6166052222251892
0.6218670606613159
0.6345473527908325

iou_score
0.5380561351776123
0.5380561351776123
0.5380561351776123
0.5380561351776123
0.5380561351776123
0.5380561351776123
0.5380561351776123
0.5380561351776123
0.5380561351776123
0.5380561351776123

loss
0.6938130259513855
0.6844968795776367
0.6798583269119263
0.6780753135681152
0.6739038228988647
0.6691840887069702
0.662531852722168
0.6593292951583862
0.6578878164291382
0.6526293754577637

recall
0.5391284227371216
0.5898678302764893
0.6296591758728027
0.6587830781936646
0.712752640247345
0.7198147177696228
0.7585867643356323
0.7769256234169006
0.7978392243385315
0.8074615597724915

val_accuracy
0.559057891368866
0.5716298222541809
0.5837920904159546
0.5975898504257202
0.6094604730606079
0.6210467219352722
0.6321912407875061
0.6402839422225952
0.647307813167572
0.6542595028877258

val_binary_crossentropy
0.6850355267524719
0.6770326495170593
0.6695091128349304
0.6625280380249023
0.6559888124465942
0.6499335765838623
0.6442480683326721
0.6390329599380493
0.6341773271560669
0.6296631693840027

val_f1_score
0.5563998222351074
0.5814585089683533
0.6045374274253845
0.6272677183151245
0.6457284688949585
0.6617962121963501
0.6763172745704651
0.6868512630462646
0.6957868933677673
0.7037850618362427

val_iou_score
0.5380561351776123
0.5380561351776123
0.5380561351776123
0.5380561351776123
0.5380561351776123
0.5380561351776123
0.5380561351776123
0.5380561351776123
0.5380561351776123
0.5380561351776123

val_loss
0.6850355267524719
0.6770326495170593
0.6695091128349304
0.6625280380249023
0.6559888124465942
0.6499335765838623
0.6442480683326721
0.6390329599380493
0.6341773271560669
0.6296631693840027

val_recall
0.5502610802650452
0.5920949578285217
0.6330239772796631
0.6737779974937439
0.7082240581512451
0.737774133682251
0.7646189332008362
0.7849893569946289
0.8025760054588318
0.8172882795333862

