accuracy
0.9279255270957947
0.9279255270957947
0.9279255270957947
0.9279255270957947
0.9279255270957947
0.9279255270957947
0.9279256463050842
0.9279255270957947
0.9279255270957947
0.9279255270957947

f1_score
0.0
0.0
0.0
0.0
0.0
0.0
0.0
0.0
0.0
0.0

iou_score
0.0
0.0
0.0
0.0
0.0
0.0
0.0
0.0
0.0
0.0

loss
0.6113880276679993
0.523735523223877
0.4205089211463928
0.35425955057144165
0.34713631868362427
0.33350157737731934
0.3271048665046692
0.3192349374294281
0.31656840443611145
0.30948764085769653

recall
0.0
0.0
0.0
0.0
0.0
0.0
0.0
0.0
0.0
0.0

val_accuracy
0.9155134558677673
0.9155134558677673
0.9155134558677673
0.9155134558677673
0.9155134558677673
0.9155134558677673
0.9155134558677673
0.9155134558677673
0.9155134558677673
0.9155134558677673

val_f1_score
0.0
0.0
0.0
0.0
0.0
0.0
0.0
0.0
0.0
0.0

val_iou_score
0.0
0.0
0.0
0.0
0.0
0.0
0.0
0.0
0.0
0.0

val_loss
0.5668560862541199
0.4633353352546692
0.3716231882572174
0.3678995370864868
0.36297228932380676
0.35074037313461304
0.3473633825778961
0.3434194326400757
0.34003010392189026
0.3354579210281372

val_recall
0.0
0.0
0.0
0.0
0.0
0.0
0.0
0.0
0.0
0.0

