accuracy
0.7502782344818115
0.8868545293807983
0.9263476133346558
0.9381004571914673
0.947241485118866
0.954021692276001
0.9551711082458496
0.9592812657356262
0.9649635553359985
0.9649015069007874

f1_score
0.7242826223373413
0.8694024085998535
0.9218344688415527
0.9378641843795776
0.9472876191139221
0.952894389629364
0.9530814290046692
0.9589542746543884
0.9658934473991394
0.9662448167800903

iou_score
0.596480131149292
0.77083820104599
0.8558300137519836
0.8765494227409363
0.8877943754196167
0.9092938899993896
0.905558168888092
0.9192022085189819
0.9337031841278076
0.9285993576049805

loss
0.49603351950645447
0.2648371458053589
0.1743229776620865
0.1536453366279602
0.13475994765758514
0.10466021299362183
0.10656484961509705
0.09529553353786469
0.07727117836475372
0.08098183572292328

recall
0.7144408226013184
0.8135738968849182
0.9062110781669617
0.9431287050247192
0.9487519860267639
0.9396108388900757
0.931642472743988
0.9464611411094666
0.9586692452430725
0.9625273942947388

val_accuracy
0.5563748478889465
0.7221696376800537
0.7155694961547852
0.7065014839172363
0.7248186469078064
0.7523533701896667
0.7938589453697205
0.8159446120262146
0.8298854827880859
0.8407871127128601

val_f1_score
0.7119085192680359
0.7985480427742004
0.7941682934761047
0.7893528938293457
0.8006942868232727
0.8175904154777527
0.8440362811088562
0.858869194984436
0.8676022291183472
0.8754696846008301

val_iou_score
0.5483214259147644
0.6595280766487122
0.6534656882286072
0.6469404101371765
0.66241854429245
0.6860932111740112
0.7245409488677979
0.747074544429779
0.7607648968696594
0.7729595303535461

val_loss
0.9675387144088745
0.49751582741737366
0.5362318158149719
0.6276255249977112
0.6210848093032837
0.6243834495544434
0.5664211511611938
0.5141912698745728
0.4902310073375702
0.44288644194602966

val_recall
0.998227059841156
0.9917643070220947
0.9887918829917908
0.9918783903121948
0.9949494004249573
0.9955691695213318
0.9938732981681824
0.9935526251792908
0.9864485263824463
0.9867352843284607

