accuracy
0.4903425872325897
0.6421369910240173
0.7992092370986938
0.869557797908783
0.9010276794433594
0.9120986461639404
0.9213815331459045
0.9244877099990845
0.9280686974525452
0.9321462512016296

f1_score
0.5560745596885681
0.6648049354553223
0.7736022472381592
0.8369146585464478
0.8703243732452393
0.883415937423706
0.894447386264801
0.8985699415206909
0.90298992395401
0.9080550670623779

iou_score
0.39387089014053345
0.5107501149177551
0.6208807826042175
0.7215180397033691
0.7678052186965942
0.7877452373504639
0.8111914396286011
0.816106379032135
0.8208063840866089
0.8258904218673706

loss
0.6944050192832947
0.6130769848823547
0.5545536279678345
0.4981510639190674
0.4551888704299927
0.4160541296005249
0.3769536018371582
0.34822046756744385
0.319643497467041
0.29942774772644043

recall
0.8402441143989563
0.9341521859169006
0.9030119776725769
0.8810258507728577
0.8742607235908508
0.8766496181488037
0.8768294453620911
0.880454421043396
0.881228506565094
0.881987988948822

val_accuracy
0.5160744786262512
0.6321070194244385
0.7241716980934143
0.7793999910354614
0.8093940615653992
0.8260373473167419
0.8384679555892944
0.8487659096717834
0.8580643534660339
0.8653841614723206

val_f1_score
0.606214702129364
0.6645739674568176
0.7253084778785706
0.7680658102035522
0.7942078113555908
0.8097854852676392
0.8210612535476685
0.8299503326416016
0.8377845287322998
0.8439497351646423

val_iou_score
0.43697914481163025
0.4993431866168976
0.5697585344314575
0.6233158707618713
0.6582639217376709
0.679780900478363
0.6956869959831238
0.7082968950271606
0.7195506691932678
0.7284330725669861

val_loss
0.685917317867279
0.6352145671844482
0.5927457213401794
0.5552259683609009
0.5234923362731934
0.4980650246143341
0.475681334733963
0.45420899987220764
0.43327638506889343
0.4146279990673065

val_recall
0.9438114762306213
0.9234381914138794
0.9226906299591064
0.925505518913269
0.9319261312484741
0.9382579326629639
0.9390093088150024
0.9351168870925903
0.9286924004554749
0.9223347306251526

