accuracy
0.7077131271362305
0.945842444896698
0.945842444896698
0.945842444896698
0.945842444896698
0.945842444896698
0.945842444896698
0.945842444896698
0.945842444896698
0.945842444896698
0.945842444896698

loss
0.6623655557632446
0.47057318687438965
0.45657095313072205
0.364473432302475
0.24270181357860565
0.23141026496887207
0.2212962508201599
0.2073974460363388
0.2026173621416092
0.20761756598949432
0.1927570104598999

val_accuracy
0.9671287536621094
0.9671287536621094
0.9671287536621094
0.9671287536621094
0.9671287536621094
0.9671287536621094
0.9671287536621094
0.9671287536621094
0.9671287536621094
0.9671287536621094
0.9671287536621094

val_loss
0.43787863850593567
1.275872826576233
3.063502311706543
0.23266978561878204
0.4632622301578522
0.41797709465026855
0.3714112937450409
0.3297499120235443
0.2936702072620392
0.2644812762737274
0.2518955171108246

learning_rate
0.0010000000474974513
0.0010000000474974513
0.0010000000474974513
0.0010000000474974513
0.0010000000474974513
0.0010000000474974513
0.0010000000474974513
0.0010000000474974513
0.0010000000474974513
0.0010000000474974513
0.0005000000237487257

