accuracy
0.5321422815322876
0.8548465967178345
0.908462405204773
0.9222133755683899
0.9348995089530945
0.9399202466011047
0.9454973340034485
0.9458432197570801
0.9489384293556213
0.9495956897735596

f1_score
0.5867548584938049
0.814739465713501
0.8923298716545105
0.9079341292381287
0.9221600294113159
0.931817352771759
0.9360178709030151
0.9383295774459839
0.9399628043174744
0.9422332048416138

iou_score
0.3960668444633484
0.7028816938400269
0.7994446158409119
0.8290460705757141
0.8606802821159363
0.8716257810592651
0.8796666860580444
0.8823292851448059
0.8827862739562988
0.8786260485649109

loss
0.7910781502723694
0.44982585310935974
0.3026754856109619
0.22432272136211395
0.16976821422576904
0.14933793246746063
0.1361146867275238
0.13098421692848206
0.12703092396259308
0.1306302547454834

recall
0.7705225944519043
0.7404330968856812
0.8799386620521545
0.8897818326950073
0.8945621252059937
0.9523745179176331
0.9248393177986145
0.9557713866233826
0.9272720813751221
0.9536091685295105

val_accuracy
0.8921304941177368
0.8585696816444397
0.9190690517425537
0.9244734048843384
0.9212791919708252
0.9184995293617249
0.9278160929679871
0.927129328250885
0.9341293573379517
0.9298943281173706

val_f1_score
0.855292797088623
0.8392052054405212
0.8938631415367126
0.9022966623306274
0.8998183608055115
0.8879013061523438
0.9074721336364746
0.897986114025116
0.9152589440345764
0.9018096923828125

val_iou_score
0.7465733289718628
0.7218642830848694
0.807033896446228
0.8206917643547058
0.8162040710449219
0.7978001832962036
0.8290830850601196
0.8148624300956726
0.8423373103141785
0.8211485147476196

val_loss
0.47563305497169495
0.4365772306919098
0.26727065443992615
0.2495737373828888
0.23114271461963654
0.22274303436279297
0.19602611660957336
0.1913050264120102
0.17084668576717377
0.18079306185245514

val_recall
0.8452922105789185
0.9786389470100403
0.9036561846733093
0.9247493147850037
0.9374335408210754
0.855869710445404
0.9386087656021118
0.8504462838172913
0.9432487487792969
0.8536561131477356

