loss
2.502368688583374
2.069868326187134
2.0601303577423096
2.06333589553833
2.053611993789673
2.0499908924102783
2.041403293609619
2.03642201423645
2.0423896312713623
2.037780523300171
2.0359764099121094
2.0334842205047607
2.0418860912323
2.021287202835083
2.010362386703491
2.036386728286743
2.010089635848999
2.015125274658203
2.0063283443450928
2.0012733936309814
2.0125021934509277
2.001307725906372
2.0023932456970215
1.9951578378677368
1.9947298765182495
1.9977773427963257
1.9945510625839233
1.9862371683120728
1.9924101829528809
1.9837366342544556
1.9887499809265137
1.9827030897140503
1.987525463104248
1.9876861572265625
1.981028437614441
1.9782625436782837
1.9839987754821777
1.9872145652770996
1.9754247665405273
1.9721627235412598
1.9800776243209839
1.9753923416137695
1.976502776145935
1.9766143560409546
1.988673210144043
1.9698055982589722
1.9720956087112427
1.9849042892456055

disease_segmentation_loss
0.8976201415061951
0.8940346837043762
0.8791720867156982
0.8770232796669006
0.8754526972770691
0.8739491105079651
0.8707844614982605
0.8692633509635925
0.8661067485809326
0.863919198513031
0.862457275390625
0.8590907454490662
0.8614702820777893
0.8579809665679932
0.8529322743415833
0.8520996570587158
0.8481559157371521
0.8529748320579529
0.8467493057250977
0.8417723178863525
0.8495974540710449
0.8458232283592224
0.8411141037940979
0.8394343852996826
0.8412603735923767
0.8332247138023376
0.8294491171836853
0.8312333226203918
0.837626039981842
0.8319867253303528
0.8326882719993591
0.8297973275184631
0.8299837708473206
0.8307053446769714
0.8268861174583435
0.8260059356689453
0.8307070136070251
0.8354125618934631
0.8245317339897156
0.8213615417480469
0.8246871829032898
0.8196327090263367
0.8243544101715088
0.8231027722358704
0.821580171585083
0.8178302645683289
0.8205321431159973
0.8339315056800842

disease_classification_loss
3.2094976902008057
2.3516664505004883
2.3619167804718018
2.3726253509521484
2.356318712234497
2.352083444595337
2.3412373065948486
2.334317445755005
2.3525660037994385
2.347722291946411
2.3470382690429688
2.3487865924835205
2.3608314990997314
2.3266124725341797
2.314859628677368
2.368574380874634
2.3238680362701416
2.32430100440979
2.3191583156585693
2.319002151489258
2.3258097171783447
2.310969352722168
2.3225584030151367
2.3114473819732666
2.306938648223877
2.3291049003601074
2.3302042484283447
2.3100078105926514
2.309568405151367
2.303499937057495
2.3121237754821777
2.3058111667633057
2.3150827884674072
2.313961982727051
2.3082845211029053
2.304513692855835
2.3065836429595947
2.3036041259765625
2.301786184310913
2.301602363586426
2.3107807636260986
2.311519145965576
2.3042967319488525
2.307023048400879
2.334186315536499
2.303950071334839
2.3031270503997803
2.301945447921753

disease_segmentation_accuracy
0.649592936038971
0.6817824244499207
0.7090427279472351
0.7011713981628418
0.6990504264831543
0.7258260846138
0.7245135307312012
0.7169375419616699
0.7192456722259521
0.7301074862480164
0.7397472858428955
0.7375504970550537
0.7541053891181946
0.7394598126411438
0.7566500306129456
0.7565639615058899
0.7640132904052734
0.7672063708305359
0.7751070857048035
0.7894487380981445
0.7731602787971497
0.7574817538261414
0.7849639058113098
0.7756974697113037
0.7795979976654053
0.7959758639335632
0.8018606305122375
0.8081244826316833
0.7969517707824707
0.8080247044563293
0.8011093139648438
0.8045694231987
0.8182380795478821
0.8008756637573242
0.811076819896698
0.8227512836456299
0.812086284160614
0.8179314732551575
0.8213533759117126
0.8170345425605774
0.8220686912536621
0.8244107365608215
0.8310303092002869
0.8151828646659851
0.8348234295845032
0.8302783370018005
0.8143287301063538
0.8192030787467957

disease_segmentation_mean_io_u
0.4819386601448059
0.4838640093803406
0.4834787845611572
0.48167330026626587
0.4829085171222687
0.4844120442867279
0.48247602581977844
0.48294520378112793
0.4843698740005493
0.48552417755126953
0.48392486572265625
0.4846901595592499
0.4881364107131958
0.48417866230010986
0.48701563477516174
0.48775696754455566
0.483629435300827
0.4908891022205353
0.49117311835289
0.48795172572135925
0.49299025535583496
0.5017657279968262
0.493343710899353
0.48995015025138855
0.4950699508190155
0.5006152987480164
0.49255964159965515
0.49526527523994446
0.4994933307170868
0.49592670798301697
0.4986363351345062
0.49910783767700195
0.5039400458335876
0.5009794235229492
0.5113612413406372
0.5030309557914734
0.5101275444030762
0.5008565187454224
0.5007134675979614
0.5086917877197266
0.519995927810669
0.5167528986930847
0.5087912678718567
0.514685869216919
0.5167068243026733
0.5090153217315674
0.5228083729743958
0.5071278810501099

disease_classification_accuracy
0.0234375
0.0807291641831398
0.0625
0.02864583395421505
0.0338541679084301
0.01822916604578495
0.02604166604578495
0.0338541679084301
0.0052083334885537624
0.0234375
0.02083333395421505
0.046875
0.0234375
0.0494791679084301
0.0338541679084301
0.02604166604578495
0.0598958320915699
0.0364583320915699
0.0703125
0.0572916679084301
0.0729166641831398
0.0494791679084301
0.0703125
0.0598958320915699
0.0677083358168602
0.0520833320915699
0.0520833320915699
0.0625
0.0755208358168602
0.0859375
0.0703125
0.0572916679084301
0.0703125
0.0651041641831398
0.0598958320915699
0.0703125
0.0755208358168602
0.0833333358168602
0.0598958320915699
0.0859375
0.0703125
0.0807291641831398
0.0807291641831398
0.0572916679084301
0.046875
0.0859375
0.0625
0.1041666641831398

val_loss
3.5157947540283203
2.6659839153289795
2.191922426223755
2.0782928466796875
2.0422561168670654
2.025789499282837
2.0187184810638428
2.0030016899108887
2.008723020553589
2.010887622833252
2.0043375492095947
2.0229709148406982
1.991005539894104
1.9946517944335938
1.9954220056533813
2.016017436981201
2.0127618312835693
1.9939028024673462
1.9976824522018433
1.9844282865524292
1.9899250268936157
1.9937156438827515
1.9638280868530273
1.9657758474349976
1.9868422746658325
2.005303144454956
1.9927531480789185
2.0237748622894287
2.014989137649536
2.0260932445526123
2.0350401401519775
2.0274505615234375
1.9992505311965942
1.995635986328125
2.0419840812683105
1.9664794206619263
2.0305140018463135
2.0274088382720947
2.035644769668579
2.1113715171813965
1.9792591333389282
1.9906940460205078
1.9908190965652466
2.024414539337158
2.041182518005371
2.027639150619507
1.9896059036254883
2.019416332244873

val_disease_segmentation_loss
0.9082501530647278
0.9088395237922668
0.9031936526298523
0.8943679928779602
0.8819066882133484
0.8755195736885071
0.8711012005805969
0.8561276793479919
0.8607150912284851
0.8630207180976868
0.8562023043632507
0.8748220801353455
0.843444287776947
0.8478813171386719
0.8459033966064453
0.8682486414909363
0.8636221289634705
0.8469233512878418
0.8508450388908386
0.8379765152931213
0.842897891998291
0.8454094529151917
0.8159233927726746
0.8179839253425598
0.840117871761322
0.8576186299324036
0.8426459431648254
0.8763027191162109
0.8643743395805359
0.8759376406669617
0.8885642886161804
0.8803331255912781
0.8513537049293518
0.8467391133308411
0.8946092128753662
0.819139301776886
0.8822479248046875
0.8781750202178955
0.886500358581543
0.9640725255012512
0.8307726383209229
0.8432334065437317
0.8438446521759033
0.8761059641838074
0.8926689028739929
0.8806219696998596
0.8435454964637756
0.8719474673271179

val_disease_classification_loss
5.215089321136475
3.514288902282715
2.5774576663970947
2.367849349975586
2.3206989765167236
2.30053973197937
2.295234441757202
2.293748140335083
2.296015977859497
2.295733690261841
2.2962703704833984
2.296297788619995
2.2951226234436035
2.2935407161712646
2.299037456512451
2.295537233352661
2.2982797622680664
2.293958902359009
2.2936747074127197
2.292903184890747
2.2940542697906494
2.296612501144409
2.295809507369995
2.295583963394165
2.2934486865997314
2.2953684329986572
2.3002145290374756
2.2949442863464355
2.30122971534729
2.300311326980591
2.2929515838623047
2.2942347526550293
2.2957937717437744
2.297793388366699
2.2947499752044678
2.29468035697937
2.296532392501831
2.2984678745269775
2.2982890605926514
2.294598340988159
2.2969729900360107
2.2949209213256836
2.2939488887786865
2.296617269515991
2.297027111053467
2.294034004211426
2.2921206951141357
2.2949378490448

val_disease_segmentation_accuracy
0.3350084722042084
0.3473636209964752
0.3517819941043854
0.4637441635131836
0.5287248492240906
0.6028291583061218
0.6139243245124817
0.6528558731079102
0.7023589015007019
0.7495597004890442
0.819024384021759
0.8431262969970703
0.7792174220085144
0.7278082966804504
0.8522122502326965
0.8509013056755066
0.8718745112419128
0.8453693389892578
0.8223420977592468
0.7402055859565735
0.7115185856819153
0.8473401069641113
0.7348081469535828
0.7608359456062317
0.8516637682914734
0.6664511561393738
0.6489834785461426
0.7771663665771484
0.512660801410675
0.67156982421875
0.8111055493354797
0.8495798110961914
0.793126106262207
0.8303523063659668
0.8805627822875977
0.8128757476806641
0.8865981101989746
0.8799059987068176
0.900737464427948
0.904002845287323
0.8123782277107239
0.7211759686470032
0.7447848320007324
0.9059858322143555
0.8438124656677246
0.8675125241279602
0.8718406558036804
0.6901350021362305

val_disease_segmentation_mean_io_u
0.432219535112381
0.3897804021835327
0.4233817458152771
0.45970064401626587
0.48570317029953003
0.48206835985183716
0.4829463064670563
0.4796796143054962
0.4785405695438385
0.4774373173713684
0.47236475348472595
0.4716552793979645
0.4712546765804291
0.47922617197036743
0.47280725836753845
0.4729171097278595
0.46839427947998047
0.5001596808433533
0.4967982769012451
0.5111391544342041
0.5048730969429016
0.4805431067943573
0.5043590068817139
0.5079739689826965
0.4894587993621826
0.5061365962028503
0.49029839038848877
0.4982553720474243
0.4232434928417206
0.46103858947753906
0.5015830993652344
0.5006763935089111
0.4973677396774292
0.5060750246047974
0.4807182848453522
0.5162366032600403
0.4871547222137451
0.48531535267829895
0.5010426640510559
0.47667860984802246
0.5113360285758972
0.5033594965934753
0.504630446434021
0.4866342842578888
0.48754632472991943
0.5019186735153198
0.5005548596382141
0.45319080352783203

val_disease_classification_accuracy
0.1041666641831398
0.1041666641831398
0.1041666641831398
0.1041666641831398
0.1041666641831398
0.1041666641831398
0.09375
0.1041666641831398
0.0729166641831398
0.1041666641831398
0.1041666641831398
0.1041666641831398
0.1041666641831398
0.125
0.1041666641831398
0.1041666641831398
0.1041666641831398
0.1041666641831398
0.09375
0.1145833358168602
0.1041666641831398
0.1041666641831398
0.0833333358168602
0.0833333358168602
0.1354166716337204
0.1145833358168602
0.0833333358168602
0.1041666641831398
0.1041666641831398
0.1041666641831398
0.1041666641831398
0.125
0.0833333358168602
0.125
0.1041666641831398
0.1145833358168602
0.1041666641831398
0.1041666641831398
0.1041666641831398
0.125
0.1041666641831398
0.1041666641831398
0.1145833358168602
0.125
0.09375
0.125
0.09375
0.0833333358168602

lr
0.00103
0.0010600000000000002
0.00109
0.0011200000000000001
0.0011500000000000002
0.0011800000000000003
0.0012100000000000001
0.0012400000000000002
0.0012700000000000003
0.0013000000000000004
0.0013300000000000005
0.0013600000000000003
0.0013900000000000004
0.0014200000000000005
0.0014500000000000003
0.0014800000000000004
0.0015100000000000005
0.0015400000000000006
0.0015700000000000006
0.0016000000000000007
0.0016299999999999995
0.0016600000000000007
0.0016899999999999997
0.0017199999999999995
0.0017499999999999996
0.0017799999999999995
0.0018099999999999995
0.0018399999999999996
0.0018699999999999997
0.0018999999999999998
0.0019299999999999999
0.00196
0.0019899999999999996
0.00202
0.0020499999999999997
0.00208
0.00211
0.00214
0.00217
0.0021999999999999997
0.00223
0.00226
0.0022900000000000004
0.00232
0.00235
0.00238
0.0024100000000000002
0.0024400000000000003

