accuracy
0.7612266540527344
0.9237163066864014
0.9383531212806702
0.9461085200309753
0.9508029818534851
0.9548020958900452
0.9561835527420044
0.9593848586082458
0.9607790112495422
0.9623188376426697

f1_score
0.7114102244377136
0.9012722373008728
0.921190619468689
0.9307706356048584
0.9366071820259094
0.941912055015564
0.9438826441764832
0.9477799534797668
0.9494983553886414
0.9517146944999695

iou_score
0.570425808429718
0.820826530456543
0.8541520237922668
0.8706173896789551
0.8792726397514343
0.8904111981391907
0.8936351537704468
0.9007350206375122
0.9038493037223816
0.908037543296814

loss
0.5176153182983398
0.23313215374946594
0.1596525013446808
0.12920629978179932
0.11599385738372803
0.10452304035425186
0.10058200359344482
0.09345434606075287
0.09000428020954132
0.08601836860179901

recall
0.755666196346283
0.8940336108207703
0.92509925365448
0.930203378200531
0.9331724047660828
0.940910279750824
0.9461552500724792
0.946376383304596
0.9467013478279114
0.9535046219825745

val_accuracy
0.8960313200950623
0.9343069195747375
0.934221625328064
0.940078616142273
0.9453344345092773
0.9451102614402771
0.9437799453735352
0.9430210590362549
0.9475205540657043
0.9480815529823303

val_f1_score
0.8806225657463074
0.9187697172164917
0.9147114753723145
0.9229015111923218
0.9308300614356995
0.9293666481971741
0.927076518535614
0.925755500793457
0.9323541522026062
0.9330459833145142

val_iou_score
0.7847678065299988
0.8437916040420532
0.8375579714775085
0.8535283803939819
0.8679220080375671
0.8652511835098267
0.8609937429428101
0.858948826789856
0.8709161877632141
0.8718525171279907

val_loss
0.35019177198410034
0.2043749839067459
0.17878755927085876
0.15000902116298676
0.13746237754821777
0.1403817981481552
0.1466173231601715
0.1501314342021942
0.13566294312477112
0.13538697361946106

val_recall
0.9541364312171936
0.9243773818016052
0.8776414394378662
0.8923426866531372
0.9151822924613953
0.8984814286231995
0.88916015625
0.8838678002357483
0.8998495936393738
0.9000956416130066

