accuracy
0.8510486483573914
0.9492324590682983
0.9492324590682983
0.9492324590682983
0.9492324590682983
0.9492324590682983
0.9492324590682983
0.9492324590682983
0.9492323994636536
0.9492324590682983

f1_score
0.13141870498657227
0.0
0.0
0.0
0.0
0.0
0.0
0.0
0.0
0.0

iou_score
0.02287891134619713
0.0
0.0
0.0
0.0
0.0
0.0
0.0
0.0
0.0

loss
0.66124427318573
0.38040250539779663
0.2539169490337372
0.23308515548706055
0.21241550147533417
0.20266222953796387
0.19642755389213562
0.2011995166540146
0.18346408009529114
0.17113611102104187

recall
0.22196030616760254
0.0
0.0
0.0
0.0
0.0
0.0
0.0
0.0
0.0

val_accuracy
0.9577503204345703
0.9577503204345703
0.9577503204345703
0.9577503204345703
0.9577503204345703
0.9577503204345703
0.9577503204345703
0.9577503204345703
0.9577503204345703
0.9577503204345703

val_f1_score
0.0
0.0
0.0
0.0
0.0
0.0
0.0
0.0
0.0
0.0

val_iou_score
0.0
0.0
0.0
0.0
0.0
0.0
0.0
0.0
0.0
0.0

val_loss
0.42158743739128113
0.23211827874183655
0.2061396837234497
0.21317130327224731
0.18636679649353027
0.18842777609825134
0.18096725642681122
0.17582586407661438
0.166065514087677
0.16303592920303345

val_recall
0.0
0.0
0.0
0.0
0.0
0.0
0.0
0.0
0.0
0.0

