accuracy
0.8049923777580261
0.9344378709793091
0.9343035221099854
0.9350216388702393
0.9361890554428101
0.9370629787445068
0.9389000535011292
0.9413087964057922
0.9429171681404114
0.9449467658996582
0.9475268721580505
0.949502170085907
0.9499205946922302
0.9506563544273376
0.9513958096504211
0.9521584510803223
0.9528113007545471
0.9523901343345642
0.9534032940864563
0.9539569020271301

loss
0.5536195039749146
0.21750706434249878
0.199994295835495
0.19148246943950653
0.18415755033493042
0.17573609948158264
0.17017188668251038
0.16417688131332397
0.1588754951953888
0.15295059978961945
0.14559215307235718
0.13964729011058807
0.13613268733024597
0.134677454829216
0.1317354291677475
0.13001428544521332
0.12566961348056793
0.1257442831993103
0.12274673581123352
0.12086980044841766

val_accuracy
0.9401686191558838
0.9429481625556946
0.9360630512237549
0.9410899877548218
0.9426512122154236
0.9420536160469055
0.9426748156547546
0.9428181648254395
0.9411576986312866
0.9437408447265625
0.9411969780921936
0.9427664875984192
0.9365785717964172
0.9420413970947266
0.9431015253067017
0.9416553974151611
0.9418978691101074
0.9397813677787781
0.9307852387428284
0.9393471479415894

val_loss
0.9841300249099731
0.7650226354598999
0.3983045220375061
0.4071401357650757
0.3002398610115051
0.2738845646381378
0.2390250563621521
0.2144770324230194
0.23275567591190338
0.21923449635505676
0.21382078528404236
0.2292230874300003
0.2163827270269394
0.215497225522995
0.23100483417510986
0.2174958735704422
0.22289502620697021
0.22837796807289124
0.22791817784309387
0.22473526000976562

learning_rate
0.0010000000474974513
0.0010000000474974513
0.0010000000474974513
0.0010000000474974513
0.0010000000474974513
0.0010000000474974513
0.0010000000474974513
0.0010000000474974513
0.0010000000474974513
0.0010000000474974513
0.0005000000237487257
0.0005000000237487257
0.0005000000237487257
0.0005000000237487257
0.0005000000237487257
0.0005000000237487257
0.0005000000237487257
0.0005000000237487257
0.0005000000237487257
0.0005000000237487257

