loss
14.11674976348877
13.376764297485352
13.225754737854004
13.113035202026367
12.988497734069824
12.870525360107422
12.73604965209961
12.599493026733398
12.472493171691895
12.335196495056152
12.201143264770508
12.067590713500977
11.955821990966797
11.844538688659668
11.75494384765625
11.668972969055176
11.584676742553711
11.510351181030273
11.438841819763184
11.380315780639648
11.331648826599121
11.274988174438477
11.231329917907715
11.191405296325684
11.144755363464355
11.114165306091309
11.081239700317383
11.050597190856934
11.034353256225586
11.00126838684082

accuracy
0.4675540328025818
0.9197055697441101
0.9597685933113098
0.956254243850708
0.9551615118980408
0.9474011659622192
0.9521567225456238
0.9558855295181274
0.9564494490623474
0.949041485786438
0.9519903063774109
0.9555141925811768
0.9557336568832397
0.9591808915138245
0.9579618573188782
0.9564242362976074
0.9555526971817017
0.9559642672538757
0.9595357179641724
0.9593133926391602
0.956809937953949
0.9599374532699585
0.9587424993515015
0.9592630863189697
0.9589446187019348
0.9589732885360718
0.9587205052375793
0.9591150879859924
0.9586530327796936
0.9584556221961975

mean_io_u_45
0.4804386794567108
0.4804386794567108
0.4804386794567108
0.4804386794567108
0.4804386794567108
0.4804386794567108
0.4804386794567108
0.4804386794567108
0.4804386794567108
0.4804386794567108
0.4804386794567108
0.4804386794567108
0.4804386794567108
0.4804386794567108
0.4804386794567108
0.4804386794567108
0.4804386794567108
0.4804386794567108
0.4804386794567108
0.4804386794567108
0.4804386794567108
0.4804386794567108
0.4804386794567108
0.4804386794567108
0.4804386794567108
0.4804386794567108
0.4804386794567108
0.4804386794567108
0.4804386794567108
0.4804386794567108

val_loss
13.827561378479004
13.786996841430664
13.717913627624512
13.6259765625
13.513781547546387
13.400283813476562
13.28397274017334
13.160794258117676
13.033595085144043
12.91250228881836
12.824786186218262
12.74717903137207
12.67491626739502
12.594857215881348
12.520380973815918
12.443243026733398
12.377744674682617
12.324907302856445
12.281362533569336
12.231246948242188
12.181673049926758
12.131927490234375
12.092652320861816
12.049671173095703
12.013644218444824
11.971845626831055
11.93399715423584
11.892017364501953
11.842954635620117
11.797052383422852

val_accuracy
0.33911776542663574
0.045800745487213135
0.04352176934480667
0.04324878379702568
0.04354635253548622
0.04382839426398277
0.04381868988275528
0.043851036578416824
0.04384844750165939
0.04351982846856117
0.043172452598810196
0.043172452598810196
0.043172452598810196
0.043172452598810196
0.043172452598810196
0.043172452598810196
0.043172452598810196
0.043172452598810196
0.043172452598810196
0.043172452598810196
0.043172452598810196
0.043278541415929794
0.04323196783661842
0.04352112486958504
0.04355088248848915
0.046905625611543655
0.04857458919286728
0.05346892029047012
0.05720985680818558
0.06723527610301971

val_mean_io_u_45
0.47841376066207886
0.47841376066207886
0.47841376066207886
0.47841376066207886
0.47841376066207886
0.47841376066207886
0.47841376066207886
0.47841376066207886
0.47841376066207886
0.47841376066207886
0.47841376066207886
0.47841376066207886
0.47841376066207886
0.47841376066207886
0.47841376066207886
0.47841376066207886
0.47841376066207886
0.47841376066207886
0.47841376066207886
0.47841376066207886
0.47841376066207886
0.47841376066207886
0.47841376066207886
0.47841376066207886
0.47841376066207886
0.47841376066207886
0.47841376066207886
0.47841376066207886
0.47841376066207886
0.47841376066207886

lr
9.999999747378752e-05
9.999999747378752e-05
9.999999747378752e-05
9.999999747378752e-05
9.999999747378752e-05
9.999999747378752e-05
9.999999747378752e-05
9.999999747378752e-05
9.999999747378752e-05
9.999999747378752e-05
9.048374340636656e-05
8.187307685147971e-05
7.408182136714458e-05
6.70320077915676e-05
6.065307024982758e-05
5.4881169489817694e-05
4.965853804606013e-05
4.4932905439054593e-05
4.0656974306330085e-05
3.6787951103178784e-05
3.3287116821156815e-05
3.0119428629404865e-05
2.7253186999587342e-05
2.465970283083152e-05
2.2313022782327607e-05
2.0189658243907616e-05
1.826835796236992e-05
1.6529893400729634e-05
1.4956865925341845e-05
1.3533532182918862e-05

