accuracy
0.7796070575714111
0.9525901675224304
0.9525901675224304
0.9525901079177856
0.9525901675224304
0.9525901675224304
0.9525902271270752
0.9525901675224304
0.9525901675224304
0.9525901675224304

f1_score
0.0005475596408359706
0.0
0.0
0.0
0.0
0.0
0.0
0.0
0.0
0.0

iou_score
0.00014179464778862894
0.0
0.0
0.0
0.0
0.0
0.0
0.0
0.0
0.0

loss
0.6679849028587341
0.6270918846130371
0.5872294902801514
0.544757068157196
0.49463558197021484
0.4344170391559601
0.3725813627243042
0.31184905767440796
0.25731161236763
0.22279764711856842

recall
0.0012734894407913089
0.0
0.0
0.0
0.0
0.0
0.0
0.0
0.0
0.0

val_accuracy
0.9275310635566711
0.9275310635566711
0.9275310635566711
0.9275310635566711
0.9275310635566711
0.9275310635566711
0.9275310635566711
0.9275310635566711
0.9275310635566711
0.9275310635566711

val_f1_score
0.0
0.0
0.0
0.0
0.0
0.0
0.0
0.0
0.0
0.0

val_iou_score
0.0
0.0
0.0
0.0
0.0
0.0
0.0
0.0
0.0
0.0

val_loss
0.6463696360588074
0.610403299331665
0.5725764036178589
0.5287549495697021
0.4771783947944641
0.4190387427806854
0.35829034447669983
0.3034745156764984
0.26457107067108154
0.24688363075256348

val_recall
0.0
0.0
0.0
0.0
0.0
0.0
0.0
0.0
0.0
0.0

