accuracy
0.6795499920845032
0.9121877551078796
0.9363276958465576
0.9466111660003662
0.9501063823699951
0.9528189897537231
0.9574804902076721
0.9585303664207458
0.9594783186912537
0.9616373181343079

binary_crossentropy
2.4450409412384033
0.2049519270658493
0.14904159307479858
0.1253865659236908
0.11623325943946838
0.10847446322441101
0.09762794524431229
0.09643260389566422
0.09263135492801666
0.08661635965108871

f1_score
0.6210072636604309
0.8881258964538574
0.9185951948165894
0.9313954710960388
0.9360326528549194
0.9395843744277954
0.9454244375228882
0.9468424916267395
0.948188304901123
0.951004683971405

iou_score
0.8971810936927795
0.8971810936927795
0.8971810936927795
0.8971810936927795
0.8971810936927795
0.8971810936927795
0.8971810936927795
0.8971810936927795
0.8971810936927795
0.8971810936927795

loss
2.4450409412384033
0.2049519270658493
0.14904159307479858
0.1253865659236908
0.11623325943946838
0.10847446322441101
0.09762794524431229
0.09643260389566422
0.09263135492801666
0.08661635965108871

recall
0.6729491949081421
0.8934230804443359
0.9208348393440247
0.9289401173591614
0.9356954097747803
0.9403946995735168
0.9440065622329712
0.9466714262962341
0.9504082798957825
0.9543198347091675

val_accuracy
0.6878387331962585
0.839202880859375
0.8998616337776184
0.9224497675895691
0.9276845455169678
0.9335469603538513
0.9365512132644653
0.9473273158073425
0.9530748128890991
0.9489091634750366

val_binary_crossentropy
0.5634968280792236
0.4123941659927368
0.26844507455825806
0.19737721979618073
0.17180299758911133
0.1581251174211502
0.15801085531711578
0.12776575982570648
0.1119232252240181
0.1256478726863861

val_f1_score
0.727497398853302
0.8319032192230225
0.8826517462730408
0.909105658531189
0.9130804538726807
0.9184281826019287
0.9215494394302368
0.9359928369522095
0.9438600540161133
0.9369722604751587

val_iou_score
0.8971810936927795
0.8971810936927795
0.8971810936927795
0.8971810936927795
0.8971810936927795
0.8971810936927795
0.8971810936927795
0.8971810936927795
0.8971810936927795
0.8971810936927795

val_loss
0.5634968280792236
0.4123941659927368
0.26844507455825806
0.19737721979618073
0.17180299758911133
0.1581251174211502
0.15801085531711578
0.12776575982570648
0.1119232252240181
0.1256478726863861

val_recall
0.9913727045059204
0.9466485381126404
0.8960045576095581
0.9226948022842407
0.9036911725997925
0.8900555968284607
0.8866310119628906
0.9162763357162476
0.9385109543800354
0.9035152792930603

