accuracy
0.9271288514137268
0.9283900260925293
0.9283899068832397
0.9283899068832397
0.9283899068832397
0.9283899068832397
0.9283899068832397
0.9283899068832397
0.9283899068832397
0.9283899068832397

f1_score
3.6076464311918244e-05
0.0
0.0
0.0
0.0
0.0
0.0
0.0
0.0
0.0

iou_score
1.7004875189741142e-05
0.0
0.0
0.0
0.0
0.0
0.0
0.0
0.0
0.0

loss
0.43215638399124146
0.31863975524902344
0.2931540608406067
0.2664586007595062
0.23679570853710175
0.21316835284233093
0.2000703364610672
0.19857929646968842
0.19064418971538544
0.18640761077404022

recall
1.8358263332629576e-05
0.0
0.0
0.0
0.0
0.0
0.0
0.0
0.0
0.0

val_accuracy
0.9144312739372253
0.9144312739372253
0.9144312739372253
0.9144312739372253
0.9144312739372253
0.9144312739372253
0.9144312739372253
0.9144312739372253
0.9144312739372253
0.9144312739372253

val_f1_score
0.0
0.0
0.0
0.0
0.0
0.0
0.0
0.0
0.0
0.0

val_iou_score
0.0
0.0
0.0
0.0
0.0
0.0
0.0
0.0
0.0
0.0

val_loss
0.35521596670150757
0.3663000166416168
0.37443119287490845
0.3464023470878601
0.33149397373199463
0.31609898805618286
0.29767951369285583
0.3014325499534607
0.31069833040237427
0.2979193329811096

val_recall
0.0
0.0
0.0
0.0
0.0
0.0
0.0
0.0
0.0
0.0

