disease_segmentation_accuracy
0.8211320042610168
0.8861952424049377
0.9022429585456848
0.9132906198501587
0.9211658239364624
0.9276522994041443
0.928341269493103
0.9346054792404175
0.9378953576087952
0.9393691420555115

disease_segmentation_binary_crossentropy
0.3924809694290161
0.25563374161720276
0.22182008624076843
0.1957342028617859
0.17677174508571625
0.16057828068733215
0.15833401679992676
0.14321193099021912
0.13533921539783478
0.13028857111930847

disease_segmentation_f1_score
0.7825624346733093
0.8594545722007751
0.8833128809928894
0.8965879082679749
0.9091640710830688
0.9152129292488098
0.9182162284851074
0.9260888695716858
0.9300801753997803
0.9312683939933777

disease_segmentation_iou_score
0.8173025846481323
0.8173025846481323
0.8173025846481323
0.8173025846481323
0.8173025846481323
0.8173025846481323
0.8173025846481323
0.8173025846481323
0.8173025846481323
0.8173025846481323

disease_segmentation_recall
0.7773553729057312
0.8255112767219543
0.8624088764190674
0.8710018396377563
0.896744966506958
0.8909408450126648
0.905925452709198
0.9124214053153992
0.9159457683563232
0.9135919809341431

leaf_segmentation_accuracy
0.791723906993866
0.9045447707176208
0.9200037717819214
0.9233707785606384
0.9252935647964478
0.922761857509613
0.925650417804718
0.9273137450218201
0.9280017614364624
0.9287891983985901

leaf_segmentation_binary_crossentropy
0.5110453963279724
0.34407711029052734
0.24642705917358398
0.1962313950061798
0.17361748218536377
0.17893193662166595
0.1700938642024994
0.15850433707237244
0.15325310826301575
0.14954183995723724

leaf_segmentation_f1_score
0.37464624643325806
0.4767303764820099
0.47254565358161926
0.47307661175727844
0.4600483179092407
0.48001018166542053
0.4727148711681366
0.5046120882034302
0.5041314363479614
0.5143539309501648

leaf_segmentation_recall
0.6223106980323792
0.4283486008644104
0.35832536220550537
0.3468484878540039
0.32524213194847107
0.3593088388442993
0.3371608555316925
0.37126508355140686
0.3674316704273224
0.3755651116371155

loss
0.9035264253616333
0.5997109413146973
0.4682471752166748
0.3919655382633209
0.35038918256759644
0.3395102322101593
0.32842785120010376
0.30171626806259155
0.28859230875968933
0.2798303961753845

val_disease_segmentation_accuracy
0.394671231508255
0.46618759632110596
0.6365842223167419
0.7080805897712708
0.7626744508743286
0.8009218573570251
0.8355385661125183
0.8740758895874023
0.8816192746162415
0.8905094861984253

val_disease_segmentation_binary_crossentropy
3.160078525543213
1.6198428869247437
1.1518408060073853
0.8786409497261047
0.670357346534729
0.5403754115104675
0.42206406593322754
0.3031691908836365
0.2805206775665283
0.2548427879810333

val_disease_segmentation_f1_score
0.5795493125915527
0.6105542182922363
0.6980879306793213
0.7420741319656372
0.7806202173233032
0.809589684009552
0.8368260264396667
0.8678323030471802
0.8742895722389221
0.8794902563095093

val_disease_segmentation_iou_score
0.8173025846481323
0.8173025846481323
0.8173025846481323
0.8173025846481323
0.8173025846481323
0.8173025846481323
0.8173025846481323
0.8173025846481323
0.8173025846481323
0.8173025846481323

val_disease_segmentation_recall
1.0
0.9998190402984619
0.9921541810035706
0.9834422469139099
0.9792758226394653
0.9726656675338745
0.9595505595207214
0.9310121536254883
0.924386203289032
0.9003812074661255

val_leaf_segmentation_accuracy
0.8938835263252258
0.8949149250984192
0.89167320728302
0.895063042640686
0.8974434733390808
0.8950708508491516
0.8983999490737915
0.8977360725402832
0.9012674689292908
0.901940643787384

val_leaf_segmentation_binary_crossentropy
0.6251388788223267
0.4832102656364441
0.5508931875228882
0.5026715397834778
0.3707229495048523
0.4304092824459076
0.32277607917785645
0.2991340756416321
0.2726653218269348
0.2630067765712738

val_leaf_segmentation_f1_score
0.024944964796304703
0.1557418555021286
0.030912870541214943
0.01626312918961048
0.07039808481931686
0.014194261282682419
0.08874400705099106
0.08027148991823196
0.15615111589431763
0.16663450002670288

val_leaf_segmentation_recall
0.012835715897381306
0.09035782516002655
0.016337912529706955
0.00820867344737053
0.036657463759183884
0.007149077951908112
0.04665057361125946
0.04207175597548485
0.0856868103146553
0.0919153019785881

val_loss
3.78521728515625
2.103053331375122
1.7027339935302734
1.381312370300293
1.0410802364349365
0.9707847833633423
0.744840145111084
0.6023032665252686
0.5531860589981079
0.5178495645523071

