accuracy
0.5342853665351868
0.7123688459396362
0.848292887210846
0.872016429901123
0.8923395872116089
0.8969301581382751
0.9061985015869141
0.9122927188873291
0.9173330068588257
0.9223933219909668

f1_score
0.6237351298332214
0.7456910610198975
0.8299756646156311
0.8565660119056702
0.8747886419296265
0.879510760307312
0.8918699026107788
0.8971997499465942
0.9033724069595337
0.9109572172164917

iou_score
0.4535904824733734
0.6043043732643127
0.7056792974472046
0.7345023155212402
0.7749466896057129
0.7804259061813354
0.8021820187568665
0.8126720190048218
0.8219526410102844
0.8321466445922852

loss
0.667977511882782
0.5665954351425171
0.5003159642219543
0.45250701904296875
0.3861071765422821
0.35096117854118347
0.3138068914413452
0.28312045335769653
0.26306113600730896
0.24602758884429932

recall
0.8693864345550537
0.9497727155685425
0.8339632153511047
0.8606950640678406
0.8470361232757568
0.8472492098808289
0.8712668418884277
0.862019956111908
0.8703307509422302
0.8940975666046143

val_accuracy
0.5384417176246643
0.7757179737091064
0.8146924376487732
0.8405548334121704
0.8720172643661499
0.8730121850967407
0.8877356648445129
0.8980254530906677
0.8979021310806274
0.902722954750061

val_f1_score
0.6024966835975647
0.7511518597602844
0.7865790128707886
0.8108388781547546
0.8403266668319702
0.8421956896781921
0.8563768863677979
0.8662179112434387
0.8667713403701782
0.8716837763786316

val_iou_score
0.43160948157310486
0.5995015501976013
0.645928680896759
0.6795450448989868
0.7220765948295593
0.7250759601593018
0.7464166879653931
0.7614383697509766
0.762344479560852
0.7699977159500122

val_loss
0.7112554311752319
0.5482288599014282
0.5063307881355286
0.4716734290122986
0.4155551493167877
0.41783541440963745
0.3814450204372406
0.3492460250854492
0.35510990023612976
0.3398272395133972

val_recall
0.9978781342506409
0.9656612277030945
0.9741716384887695
0.9748803377151489
0.9607367515563965
0.9667048454284668
0.9548152089118958
0.9417991042137146
0.9474592208862305
0.9425951242446899

