loss
1.1852385997772217
0.3976779282093048
0.26853904128074646
0.2004399448633194
0.18731769919395447
0.17372411489486694
0.16796378791332245
0.16406528651714325
0.16198259592056274
0.16107328236103058
0.15825504064559937

accuracy
0.5352935791015625
0.8881381154060364
0.926125705242157
0.9553926587104797
0.9555021524429321
0.9566336274147034
0.9566336274147034
0.9566336274147034
0.9566336274147034
0.9566336274147034
0.9566336274147034

mean_io_u
0.4783168137073517
0.4783168137073517
0.4783168137073517
0.4783168137073517
0.4783168137073517
0.4783168137073517
0.4783168137073517
0.4783168137073517
0.4783168137073517
0.4783168137073517
0.4783168137073517

val_loss
0.6328840255737305
0.42082154750823975
0.4492228925228119
0.4883851706981659
0.46308985352516174
0.3775366246700287
0.2958768308162689
0.2511538863182068
0.21903713047504425
0.20112746953964233
0.17852766811847687

val_accuracy
0.8492446541786194
0.9737443923950195
0.9737443923950195
0.9737443923950195
0.9737443923950195
0.9737443923950195
0.9737443923950195
0.9737443923950195
0.9737443923950195
0.9737443923950195
0.9737443923950195

val_mean_io_u
0.48687219619750977
0.48687219619750977
0.48687219619750977
0.48687219619750977
0.48687219619750977
0.48687219619750977
0.48687219619750977
0.48687219619750977
0.48687219619750977
0.48687219619750977
0.48687219619750977

lr
0.0010000000474974513
0.0010000000474974513
0.0010000000474974513
0.0010000000474974513
0.0010000000474974513
0.0010000000474974513
0.0010000000474974513
0.0010000000474974513
0.0010000000474974513
0.0010000000474974513
0.0005000000237487257

