accuracy
0.47537171840667725
0.7401325106620789
0.9335301518440247
0.9457866549491882
0.9458348155021667
0.9457986950874329
0.9457964897155762
0.9457879066467285
0.9458252787590027
0.9458404183387756
0.9459705352783203
0.945965588092804
0.9459783434867859
0.9460127353668213
0.9459843635559082
0.9460039734840393
0.9460750222206116
0.9461368918418884
0.9461607933044434
0.9461526870727539
0.946201503276825
0.9461653232574463
0.9461869597434998
0.946131706237793
0.9461709856987
0.9460808634757996
0.9462018609046936
0.94610995054245
0.946188747882843
0.9462186694145203
0.9462249279022217
0.9462305903434753
0.9462353587150574
0.9462575316429138
0.9462577700614929
0.9462949633598328
0.9462776184082031
0.9463189244270325
0.9463054537773132
0.9463407397270203
0.9462892413139343
0.9462787508964539
0.9463891983032227
0.9463037848472595
0.9463905692100525
0.9463782906532288
0.9464309811592102
0.9463787078857422
0.9464752674102783
0.946449339389801
0.9464471936225891
0.946436882019043
0.9465041160583496
0.9465305209159851
0.9465556144714355
0.9466032385826111
0.9466326832771301
0.9466081261634827
0.9466937184333801
0.9467011094093323
0.9466066956520081
0.9467942118644714
0.9467489123344421
0.9468634724617004
0.9468963146209717
0.9469510912895203
0.9469097256660461
0.9470424652099609
0.9469122886657715
0.9472134709358215
0.9471240043640137
0.9470870494842529

loss
1.2580877542495728
0.5575241446495056
0.3780106008052826
0.2854083180427551
0.24626167118549347
0.21850627660751343
0.2067193239927292
0.199954554438591
0.1949290782213211
0.19171762466430664
0.18973509967327118
0.18834082782268524
0.18729305267333984
0.18594945967197418
0.18503069877624512
0.18434613943099976
0.18305818736553192
0.18181759119033813
0.1810317486524582
0.18018150329589844
0.17922408878803253
0.17893463373184204
0.17872072756290436
0.17847353219985962
0.1784859448671341
0.17830562591552734
0.17785412073135376
0.17756251990795135
0.17770791053771973
0.1777224987745285
0.1773047000169754
0.1770372986793518
0.17649972438812256
0.1760125756263733
0.17603950202465057
0.17560310661792755
0.17549727857112885
0.1751834899187088
0.17494820058345795
0.17461280524730682
0.1746373176574707
0.1747090071439743
0.1739790290594101
0.1736740618944168
0.17313914000988007
0.17298878729343414
0.17278660833835602
0.17272572219371796
0.1720893383026123
0.17184706032276154
0.17159990966320038
0.17113350331783295
0.17086489498615265
0.1705278605222702
0.17031313478946686
0.169995978474617
0.17019087076187134
0.16965483129024506
0.16945688426494598
0.16894908249378204
0.16852843761444092
0.16884170472621918
0.16789858043193817
0.16797512769699097
0.1679932028055191
0.1666938066482544
0.16639317572116852
0.1667415052652359
0.16573020815849304
0.1654025763273239
0.16474437713623047
0.16470755636692047

val_accuracy
0.3478107154369354
0.8533577919006348
0.823678195476532
0.8141350746154785
0.8491883277893066
0.8553268313407898
0.8708720207214355
0.888105571269989
0.9014552235603333
0.903564453125
0.901507556438446
0.8964611887931824
0.8927026391029358
0.8914918899536133
0.8922002911567688
0.8918034434318542
0.8909456133842468
0.9004238247871399
0.9100632667541504
0.9131889343261719
0.9234161972999573
0.9310718178749084
0.9364470839500427
0.9420447945594788
0.9460557103157043
0.9492611289024353
0.9511494636535645
0.9531257748603821
0.9548921585083008
0.9566717147827148
0.9581406712532043
0.959556519985199
0.9603428840637207
0.9613029360771179
0.9619472622871399
0.9626007676124573
0.9636172652244568
0.9638090133666992
0.9643413424491882
0.9646875858306885
0.9647059440612793
0.9647092223167419
0.9648885726928711
0.9652722477912903
0.9656168818473816
0.9656774401664734
0.9657936692237854
0.9657862186431885
0.9657854437828064
0.9659797549247742
0.9662006497383118
0.9661200642585754
0.9664422869682312
0.9664008021354675
0.9666897654533386
0.966840922832489
0.9668317437171936
0.9670634269714355
0.9670701026916504
0.967099130153656
0.9671273231506348
0.9671804904937744
0.9671804904937744
0.9671804904937744
0.9671804904937744
0.9671804904937744
0.9671804904937744
0.9671804904937744
0.9671804904937744
0.9671804904937744
0.9671804904937744
0.9671804904937744

val_loss
1.3572920560836792
0.43692079186439514
0.5934824347496033
0.5708752274513245
0.5517051815986633
0.5067046880722046
0.48188453912734985
0.43662071228027344
0.38404399156570435
0.3350607752799988
0.31605038046836853
0.30693674087524414
0.3020923137664795
0.29453256726264954
0.2830563485622406
0.27003487944602966
0.26354268193244934
0.25647082924842834
0.24842596054077148
0.2479727864265442
0.23798587918281555
0.2290722131729126
0.22205528616905212
0.21525026857852936
0.20980869233608246
0.20441652834415436
0.20021012425422668
0.19490458071231842
0.1911010891199112
0.18756599724292755
0.18345990777015686
0.18060553073883057
0.17831245064735413
0.1761506199836731
0.173936128616333
0.17219889163970947
0.16970762610435486
0.168108731508255
0.16575248539447784
0.16384680569171906
0.16279323399066925
0.16249221563339233
0.1612091362476349
0.15910956263542175
0.15760187804698944
0.15680605173110962
0.15626555681228638
0.15537303686141968
0.15489497780799866
0.15329910814762115
0.15179741382598877
0.15146706998348236
0.150156170129776
0.14958608150482178
0.14856451749801636
0.14778868854045868
0.1480635553598404
0.1471068114042282
0.1455877274274826
0.14496465027332306
0.14390192925930023
0.14395785331726074
0.1432000696659088
0.14254167675971985
0.14225222170352936
0.1411881297826767
0.14070716500282288
0.14035846292972565
0.13981400430202484
0.139547660946846
0.13851335644721985
0.1374567300081253

learning_rate
0.0010000000474974513
0.0010000000474974513
0.0010000000474974513
0.0010000000474974513
0.0010000000474974513
0.0010000000474974513
0.0010000000474974513
0.0010000000474974513
0.0010000000474974513
0.0010000000474974513
0.0005000000237487257
0.0005000000237487257
0.0005000000237487257
0.0005000000237487257
0.0005000000237487257
0.0005000000237487257
0.0005000000237487257
0.0005000000237487257
0.0005000000237487257
0.0005000000237487257
9.999999747378752e-05
9.999999747378752e-05
9.999999747378752e-05
9.999999747378752e-05
9.999999747378752e-05
9.999999747378752e-05
9.999999747378752e-05
9.999999747378752e-05
9.999999747378752e-05
9.999999747378752e-05
9.999999747378752e-05
9.999999747378752e-05
9.999999747378752e-05
9.999999747378752e-05
9.999999747378752e-05
9.999999747378752e-05
9.999999747378752e-05
9.999999747378752e-05
9.999999747378752e-05
9.999999747378752e-05
9.999999747378752e-05
9.999999747378752e-05
9.999999747378752e-05
9.999999747378752e-05
9.999999747378752e-05
9.999999747378752e-05
9.999999747378752e-05
9.999999747378752e-05
9.999999747378752e-05
9.999999747378752e-05
9.999999747378752e-05
9.999999747378752e-05
9.999999747378752e-05
9.999999747378752e-05
9.999999747378752e-05
9.999999747378752e-05
9.999999747378752e-05
9.999999747378752e-05
9.999999747378752e-05
9.999999747378752e-05
9.999999747378752e-05
9.999999747378752e-05
9.999999747378752e-05
9.999999747378752e-05
9.999999747378752e-05
9.999999747378752e-05
9.999999747378752e-05
9.999999747378752e-05
9.999999747378752e-05
9.999999747378752e-05
9.999999747378752e-05
9.999999747378752e-05

