accuracy
0.582162618637085
0.8576053380966187
0.8930858969688416
0.9135293364524841
0.9242616295814514
0.9270471930503845
0.929197371006012
0.9347817897796631
0.9370302557945251
0.9384965300559998

f1_score
0.5045679807662964
0.8471100926399231
0.8905089497566223
0.9158465266227722
0.9306015372276306
0.9350185394287109
0.9373842477798462
0.9419337511062622
0.9431614279747009
0.9436901211738586

iou_score
0.443259060382843
0.7342568635940552
0.8069744110107422
0.8424964547157288
0.8690199851989746
0.8746817111968994
0.8803508281707764
0.8906394243240356
0.8913988471031189
0.8925755023956299

loss
0.600860059261322
0.31252431869506836
0.22684118151664734
0.19411160051822662
0.17118844389915466
0.16120339930057526
0.1514897644519806
0.13762852549552917
0.1326359510421753
0.13106444478034973

recall
0.4272528290748596
0.774285078048706
0.8397654294967651
0.8858789205551147
0.9218355417251587
0.9363138675689697
0.9395031332969666
0.9368836879730225
0.9310270547866821
0.925908088684082

val_accuracy
0.3599008023738861
0.3598514795303345
0.3598829209804535
0.36013343930244446
0.3630591332912445
0.3707560896873474
0.3835233449935913
0.39783206582069397
0.4147259593009949
0.4366860091686249

val_f1_score
0.5450470447540283
0.5450274348258972
0.5450398921966553
0.5451393127441406
0.5462967157363892
0.5493738651275635
0.554534912109375
0.5604283809661865
0.567510724067688
0.5769714713096619

val_iou_score
0.36755624413490295
0.3675372898578644
0.36754924058914185
0.36764904856681824
0.36870914697647095
0.3715444803237915
0.37638357281684875
0.3819017708301544
0.3886071741580963
0.39752790331840515

val_loss
2.798706293106079
3.4762957096099854
3.4755678176879883
3.291825532913208
3.052189350128174
2.813621759414673
2.6556601524353027
2.556509256362915
2.461611270904541
2.3366551399230957

val_recall
1.0
1.0
1.0
1.0
0.9999803304672241
0.9999583959579468
0.9998466968536377
0.9996870756149292
0.9993394613265991
0.9987976551055908

