disease_segmentation_accuracy
0.6098127961158752
0.6207173466682434
0.6240997910499573
0.6286482214927673
0.6338956952095032
0.6413050889968872
0.645830512046814
0.6487314701080322
0.6532120704650879
0.659004271030426

disease_segmentation_binary_crossentropy
0.6787038445472717
0.6699753999710083
0.6689063906669617
0.6645258665084839
0.6595531105995178
0.6539039611816406
0.6503127813339233
0.6466315388679504
0.6443210244178772
0.6386755704879761

disease_segmentation_f1_score
0.5872937440872192
0.5983371734619141
0.6008784770965576
0.6048493981361389
0.6082990169525146
0.6161251068115234
0.6196587085723877
0.6215993762016296
0.626167356967926
0.6311319470405579

disease_segmentation_recall
0.6817893385887146
0.6932483911514282
0.6943044066429138
0.6971039772033691
0.6970824599266052
0.7053656578063965
0.7068328857421875
0.7067400217056274
0.7112032175064087
0.714151918888092

leaf_segmentation_accuracy
0.7146363258361816
0.7142938375473022
0.7164767980575562
0.7180519104003906
0.7176405787467957
0.7197636961936951
0.7166642546653748
0.7199335694313049
0.7206453680992126
0.719512939453125

leaf_segmentation_binary_crossentropy
0.6002902388572693
0.6006275415420532
0.5998557209968567
0.5988858938217163
0.5977590680122375
0.5972163081169128
0.5990001559257507
0.596727728843689
0.5959562659263611
0.5955337285995483

leaf_segmentation_f1_score
0.24911333620548248
0.2453564703464508
0.25037771463394165
0.25341928005218506
0.25506317615509033
0.256375789642334
0.2536199986934662
0.25932183861732483
0.2588455080986023
0.25905439257621765

leaf_segmentation_recall
0.48390161991119385
0.4754895567893982
0.483978807926178
0.4886528253555298
0.49356815218925476
0.4927493929862976
0.4914942681789398
0.5001940131187439
0.49737289547920227
0.49983125925064087

loss
1.2789939641952515
1.2706029415130615
1.268762230873108
1.2634117603302002
1.2573120594024658
1.2511203289031982
1.2493129968643188
1.2433592081069946
1.2402772903442383
1.2342092990875244

val_disease_segmentation_accuracy
0.4191053509712219
0.42065730690956116
0.4202921390533447
0.42042896151542664
0.4223560392856598
0.426511287689209
0.4325648844242096
0.4402361214160919
0.44868361949920654
0.4568800628185272

val_disease_segmentation_binary_crossentropy
0.9605444073677063
0.9407433867454529
0.9258083701133728
0.9117972254753113
0.8990959525108337
0.8855313658714294
0.8714110851287842
0.8562303185462952
0.8389824032783508
0.8243155479431152

val_disease_segmentation_f1_score
0.5701503157615662
0.5737329125404358
0.5759724378585815
0.577583909034729
0.5795270800590515
0.5817942023277283
0.584649920463562
0.5880476236343384
0.5917887687683105
0.5956324338912964

val_disease_segmentation_recall
0.9221451282501221
0.9329657554626465
0.9419360756874084
0.9478833079338074
0.9521446228027344
0.9539721608161926
0.9548491835594177
0.9549365639686584
0.9548726677894592
0.9555526971817017

val_leaf_segmentation_accuracy
0.558849036693573
0.569226861000061
0.580484926700592
0.5858991146087646
0.5908204317092896
0.596283495426178
0.6017143130302429
0.6059884428977966
0.6110112071037292
0.6172090768814087

val_leaf_segmentation_binary_crossentropy
0.761841356754303
0.7402603626251221
0.7208385467529297
0.7079916596412659
0.6999068260192871
0.6932254433631897
0.6868471503257751
0.6816132664680481
0.6768452525138855
0.6717525124549866

val_leaf_segmentation_f1_score
0.20820462703704834
0.21116580069065094
0.21472874283790588
0.2167372852563858
0.21997570991516113
0.2236177623271942
0.22653409838676453
0.22808997333049774
0.2292162925004959
0.23156070709228516

val_leaf_segmentation_recall
0.532418966293335
0.5287540555000305
0.525516927242279
0.5247350931167603
0.5280343890190125
0.5315821766853333
0.532684862613678
0.5313336253166199
0.5276268124580383
0.5257163643836975

val_loss
1.7223858833312988
1.6810039281845093
1.6466468572616577
1.6197887659072876
1.5990028381347656
1.5787569284439087
1.5582581758499146
1.5378437042236328
1.5158277750015259
1.4960681200027466

