accuracy
0.7242063879966736
0.9270051121711731
0.9270071983337402
0.9270274043083191
0.9276757836341858
0.9282280206680298
0.9296134114265442
0.9299138188362122
0.9320993423461914
0.9347372055053711
0.9365748763084412
0.9378799200057983
0.939654529094696
0.9413114786148071
0.9425756931304932
0.9439464211463928
0.9438831806182861

loss
0.6911045908927917
0.24580591917037964
0.22184090316295624
0.21349306404590607
0.2067852020263672
0.2070322483778
0.19741399586200714
0.19430746138095856
0.1904255747795105
0.17840160429477692
0.1702667474746704
0.1698167771100998
0.1635051816701889
0.15986786782741547
0.15737397968769073
0.14807812869548798
0.15305984020233154

val_accuracy
0.9343904852867126
0.9365721940994263
0.936609148979187
0.9365923404693604
0.9365608096122742
0.9369926452636719
0.937897264957428
0.9372034668922424
0.9372814893722534
0.9363628625869751
0.936234176158905
0.936705470085144
0.9367125034332275
0.9364967942237854
0.9367150068283081
0.9365457892417908
0.9362698793411255

val_loss
1.2470074892044067
0.3429972231388092
0.42629384994506836
0.22937488555908203
0.28782710433006287
0.22085046768188477
0.2029009610414505
0.20586158335208893
0.19148226082324982
0.1977546215057373
0.19066780805587769
0.18863023817539215
0.1880985051393509
0.19732709228992462
0.19745753705501556
0.20489472150802612
0.18838278949260712

learning_rate
0.0010000000474974513
0.0010000000474974513
0.0010000000474974513
0.0010000000474974513
0.0010000000474974513
0.0010000000474974513
0.0010000000474974513
0.0010000000474974513
0.0010000000474974513
0.0010000000474974513
0.0005000000237487257
0.0005000000237487257
0.0005000000237487257
0.0005000000237487257
0.0005000000237487257
0.0005000000237487257
0.0005000000237487257

