accuracy
0.6403670907020569
0.6693177223205566
0.7918793559074402
0.8940379023551941
0.9054104089736938
0.9055347442626953
0.9055348634719849
0.9055348038673401
0.9055347442626953
0.9055348038673401

f1_score
0.34141984581947327
0.32005882263183594
0.14667052030563354
0.024511175230145454
0.0005499144899658859
0.0
0.0
0.0
0.0
0.0

iou_score
0.22176213562488556
0.18112529814243317
0.06247306987643242
0.00841580145061016
0.0002211753453593701
0.0
0.0
0.0
0.0
0.0

loss
0.7059515714645386
0.6702454090118408
0.6263721585273743
0.5759838819503784
0.5186561942100525
0.4691978394985199
0.42281046509742737
0.38166680932044983
0.39066872000694275
0.3732292950153351

recall
0.9868193864822388
0.8238869309425354
0.1893388032913208
0.01409259531646967
0.00027547095669433475
0.0
0.0
0.0
0.0
0.0

val_accuracy
0.6892296671867371
0.8637650012969971
0.9231610298156738
0.9318938851356506
0.9321174025535583
0.9321210384368896
0.9321210384368896
0.9321210384368896
0.9321210384368896
0.9321210384368896

val_f1_score
0.30273669958114624
0.2955240309238434
0.028732966631650925
0.0008861199021339417
0.0
0.0
0.0
0.0
0.0
0.0

val_iou_score
0.1826842725276947
0.12255047261714935
0.011175962164998055
0.00037343904841691256
0.0
0.0
0.0
0.0
0.0
0.0

val_loss
0.672402024269104
0.6228744387626648
0.5644510388374329
0.49344268441200256
0.41540560126304626
0.3458324670791626
0.30403634905815125
0.29050305485725403
0.28931909799575806
0.2868020236492157

val_recall
0.9938995838165283
0.4209686517715454
0.016743948683142662
0.0004449363623280078
0.0
0.0
0.0
0.0
0.0
0.0

