accuracy
0.667472243309021
0.9145435690879822
0.9282501339912415
0.9282528758049011
0.9282529950141907
0.9282529950141907
0.9282529950141907
0.9282530546188354
0.9282529950141907
0.9282529950141907

f1_score
0.27038609981536865
0.04510210081934929
1.0402759471617173e-05
0.0
0.0
0.0
0.0
0.0
0.0
0.0

iou_score
0.16111068427562714
0.01522373128682375
5.670916834787931e-06
0.0
0.0
0.0
0.0
0.0
0.0
0.0

loss
0.6834233999252319
0.6060605049133301
0.48715585470199585
0.35212820768356323
0.3158535063266754
0.30921119451522827
0.29933685064315796
0.2933118939399719
0.28653180599212646
0.28146249055862427

recall
0.8587872982025146
0.028128793463110924
5.201650765229715e-06
0.0
0.0
0.0
0.0
0.0
0.0
0.0

val_accuracy
0.9230257272720337
0.9340174198150635
0.9340174198150635
0.9340174198150635
0.9340174198150635
0.9340174198150635
0.9340174198150635
0.9340174198150635
0.9340174198150635
0.9340174198150635

val_f1_score
0.08685269206762314
0.0
0.0
0.0
0.0
0.0
0.0
0.0
0.0
0.0

val_iou_score
0.038695916533470154
0.0
0.0
0.0
0.0
0.0
0.0
0.0
0.0
0.0

val_loss
0.642431914806366
0.543826699256897
0.3956398665904999
0.3083913028240204
0.3174353241920471
0.2981712222099304
0.29177409410476685
0.28705525398254395
0.28089290857315063
0.27569931745529175

val_recall
0.05547906085848808
0.0
0.0
0.0
0.0
0.0
0.0
0.0
0.0
0.0

