accuracy
0.5370863080024719
0.6505165100097656
0.8673776984214783
0.9054489135742188
0.9418180584907532
0.9473993182182312
0.9577059149742126
0.9656748175621033
0.9672738909721375
0.9671598076820374

binary_crossentropy
0.9351943135261536
0.6305593848228455
0.4452362060546875
0.372476726770401
0.26473379135131836
0.2171287089586258
0.16945107281208038
0.12968817353248596
0.11223991960287094
0.09713137149810791

f1_score
0.47551676630973816
0.7153076529502869
0.8635700941085815
0.8854784369468689
0.934842586517334
0.9424372911453247
0.9517155289649963
0.9613893628120422
0.9639115929603577
0.9623319506645203

iou_score
0.7940556406974792
0.7940556406974792
0.7940556406974792
0.7940556406974792
0.7940556406974792
0.7940556406974792
0.7940556406974792
0.7940556406974792
0.7940556406974792
0.7940556406974792

loss
0.9351943135261536
0.6305593848228455
0.4452362060546875
0.372476726770401
0.26473379135131836
0.2171287089586258
0.16945107281208038
0.12968817353248596
0.11223991960287094
0.09713137149810791

recall
0.4719091057777405
0.9873425364494324
0.9439064860343933
0.8220186829566956
0.9386155605316162
0.9683386087417603
0.9373536705970764
0.9610141515731812
0.9828518629074097
0.943370521068573

val_accuracy
0.7204437255859375
0.8075768947601318
0.8779178261756897
0.9042125344276428
0.91429603099823
0.9161656498908997
0.9083976745605469
0.9212014675140381
0.9104101657867432
0.9184629917144775

val_binary_crossentropy
0.5701879262924194
0.5107852220535278
0.4598853290081024
0.41050267219543457
0.4308270215988159
0.4539032578468323
0.539278507232666
0.536201000213623
0.6014759540557861
0.5724844932556152

val_f1_score
0.7709417939186096
0.8292199373245239
0.8631709218025208
0.8980077505111694
0.9119032621383667
0.9099063277244568
0.9003297090530396
0.9164319038391113
0.901656985282898
0.91144859790802

val_iou_score
0.7940556406974792
0.7940556406974792
0.7940556406974792
0.7940556406974792
0.7940556406974792
0.7940556406974792
0.7940556406974792
0.7940556406974792
0.7940556406974792
0.7940556406974792

val_loss
0.5701879262924194
0.5107852220535278
0.4598853290081024
0.41050267219543457
0.4308270215988159
0.4539032578468323
0.539278507232666
0.536201000213623
0.6014759540557861
0.5724844932556152

val_recall
0.9940087199211121
0.9870404005050659
0.813609778881073
0.8909777402877808
0.9372063279151917
0.8944775462150574
0.8741537928581238
0.9129000306129456
0.8677648901939392
0.8866190314292908

