accuracy
0.4941985309123993
0.5495750904083252
0.8028568029403687
0.8729938268661499
0.9152159094810486
0.9192355871200562
0.9316482543945312
0.9289568066596985
0.9395769238471985
0.9403505921363831

f1_score
0.4557811915874481
0.6816324591636658
0.7488309741020203
0.8536738753318787
0.9143065810203552
0.9192584753036499
0.9282965660095215
0.9227781295776367
0.9364903569221497
0.9393512606620789

iou_score
0.3313769996166229
0.55586177110672
0.582640528678894
0.7704218626022339
0.8377751111984253
0.8506924510002136
0.8627168536186218
0.8581359386444092
0.8801057934761047
0.8901292085647583

loss
0.9737415313720703
0.6734762191772461
0.5419052839279175
0.4088156223297119
0.3399636149406433
0.2899186611175537
0.23380790650844574
0.20776931941509247
0.17713534832000732
0.15805697441101074

recall
0.43856433033943176
0.998422384262085
0.6085131764411926
0.7671236991882324
0.9365461468696594
0.9519875645637512
0.9161515235900879
0.878921627998352
0.9224382042884827
0.9564956426620483

val_accuracy
0.3685262203216553
0.8147252798080444
0.855096161365509
0.7735435962677002
0.7664610147476196
0.8294291496276855
0.8750030398368835
0.8718416094779968
0.8584091663360596
0.8766549229621887

val_f1_score
0.5376486778259277
0.7581501603126526
0.8211773633956909
0.762349009513855
0.7573806047439575
0.8085100650787354
0.8488675951957703
0.8470295071601868
0.8352947235107422
0.8520801663398743

val_iou_score
0.3679906129837036
0.6072641015052795
0.693536639213562
0.6134921908378601
0.6072182655334473
0.6759369373321533
0.7345952987670898
0.7318083047866821
0.714394211769104
0.7393864393234253

val_loss
1.553841471672058
0.5581268668174744
0.48570364713668823
0.59575355052948
0.6590551137924194
0.5456987619400024
0.4207906126976013
0.4502333104610443
0.5329056978225708
0.471530020236969

val_recall
1.0
0.7909408211708069
0.9061760902404785
0.989275336265564
0.992810845375061
0.9807602167129517
0.9560931921005249
0.9663985371589661
0.9778803586959839
0.9675952792167664

