accuracy
0.6261671781539917
0.7182633876800537
0.8615317344665527
0.8873974680900574
0.9115666747093201
0.9186843633651733
0.9233027100563049
0.932798445224762
0.9409281611442566
0.9451180696487427

f1_score
0.6410725712776184
0.7553277015686035
0.8547531962394714
0.8697752952575684
0.9006034135818481
0.910213828086853
0.9143316745758057
0.9241917729377747
0.933636486530304
0.9388026595115662

iou_score
0.4887021481990814
0.6183367371559143
0.7494191527366638
0.775328516960144
0.8187342286109924
0.8380328416824341
0.8393009901046753
0.8570264577865601
0.8753418922424316
0.8857157230377197

loss
0.6345186233520508
0.5694450736045837
0.48432615399360657
0.4325009286403656
0.375705361366272
0.3396894931793213
0.31428948044776917
0.2814280688762665
0.25307631492614746
0.23240689933300018

recall
0.7426857948303223
0.9674334526062012
0.9063825607299805
0.8365442752838135
0.8912615776062012
0.9169284701347351
0.910523533821106
0.9112810492515564
0.9243932366371155
0.9364802241325378

val_accuracy
0.6830622553825378
0.7948582768440247
0.8355522155761719
0.8563397526741028
0.8673565983772278
0.8732783198356628
0.8759638667106628
0.8778915405273438
0.8791275024414062
0.8795674443244934

val_f1_score
0.7482759952545166
0.8135645389556885
0.831012487411499
0.8534579873085022
0.8675264716148376
0.8722503781318665
0.8729749917984009
0.8748637437820435
0.876264214515686
0.8767816424369812

val_iou_score
0.5977963805198669
0.6857218146324158
0.7108822464942932
0.7443757653236389
0.766045868396759
0.7734432816505432
0.774583637714386
0.7775626182556152
0.7797778844833374
0.7805977463722229

val_loss
0.5931211113929749
0.5472782850265503
0.5216954946517944
0.48658597469329834
0.4688887894153595
0.4616958200931549
0.46038445830345154
0.46421849727630615
0.4708763659000397
0.48021599650382996

val_recall
0.9673065543174744
0.9191163182258606
0.8302975296974182
0.8590325117111206
0.8918513059616089
0.8883524537086487
0.8752134442329407
0.8765085339546204
0.878861129283905
0.8798586130142212

