accuracy
0.8430323600769043
0.935726523399353
0.9357265830039978
0.9357265830039978
0.9357264637947083
0.9357265830039978
0.9357265830039978
0.9357265830039978
0.9357365965843201
0.9358652234077454

binary_crossentropy
0.4847148358821869
0.2780072093009949
0.22947795689105988
0.20443741977214813
0.19643977284431458
0.18962129950523376
0.19628405570983887
0.20140519738197327
0.19434475898742676
0.18744304776191711

f1_score
0.1548384726047516
0.0
0.0
0.0
0.0
0.0
0.0
0.0
0.00041259219869971275
0.004379699472337961

iou_score
0.0
0.0
0.0
0.0
0.0
0.0
0.0
0.0
0.0
0.0

loss
0.4847148358821869
0.2780072093009949
0.22947795689105988
0.20443741977214813
0.19643977284431458
0.18962129950523376
0.19628405570983887
0.20140519738197327
0.19434475898742676
0.18744304776191711

recall
0.22371134161949158
0.0
0.0
0.0
0.0
0.0
0.0
0.0
0.00020634918473660946
0.0021947359200567007

val_accuracy
0.8222454786300659
0.8222454786300659
0.8222454786300659
0.8222454786300659
0.8222454786300659
0.8222454786300659
0.8222454786300659
0.8222454786300659
0.8222454786300659
0.8222454786300659

val_binary_crossentropy
0.48832735419273376
0.4415540099143982
0.4488745629787445
0.5366458296775818
0.4519755244255066
0.5203564167022705
0.4458692669868469
0.49302932620048523
0.633969783782959
0.4123987853527069

val_f1_score
0.0
0.0
0.0
0.0
0.0
0.0
0.0
0.0
0.0
0.0

val_iou_score
0.0
0.0
0.0
0.0
0.0
0.0
0.0
0.0
0.0
0.0

val_loss
0.48832735419273376
0.4415540099143982
0.4488745629787445
0.5366458296775818
0.4519755244255066
0.5203564167022705
0.4458692669868469
0.49302932620048523
0.633969783782959
0.4123987853527069

val_recall
0.0
0.0
0.0
0.0
0.0
0.0
0.0
0.0
0.0
0.0

